Channel 0
2.426384210586548,2.426384210586548,0.8323720097541809,2.9041733741760254,2.9041733741760254,3.8127191066741943,1.3462603092193604,3.4971721172332764,3.4971721172332764,7.229546546936035,7.229546546936035,0.0,7.223647117614746,5.234465599060059,7.891085624694824,6.517295837402344,6.32633638381958,5.493443489074707,4.354122638702393,5.311202526092529,2.124398946762085,1.395573377609253,1.395573377609253,0.47122424840927124,0.47122424840927124,2.5684478282928467,1.0458078384399414
1.017256498336792,0.7719879746437073,0.8274969458580017,1.8034193515777588,0.42030447721481323,3.8127191066741943,1.7746787071228027,1.4264063835144043,2.727771282196045,5.768758296966553,4.6668853759765625,6.294961929321289,7.223647117614746,9.82238483428955,9.82238483428955,8.580795288085938,8.580795288085938,5.493443489074707,2.9757132530212402,9.894047737121582,2.124398946762085,0.4187989830970764,3.4237163066864014,0.4875869154930115,1.8163979053497314,1.8163979053497314,0.0
1.017256498336792,0.726161539554596,1.1802213191986084,1.8228046894073486,1.8228046894073486,1.7746787071228027,1.7746787071228027,5.846974849700928,5.846974849700928,5.768758296966553,6.914745330810547,6.914745330810547,2.735342264175415,2.79555344581604,4.3004350662231445,11.742196083068848,11.742196083068848,4.8264055252075195,2.9757132530212402,11.657132148742676,3.6900899410247803,7.450258255004883,3.4237163066864014,1.4574689865112305,0.2778828740119934,1.0777709484100342,1.0777709484100342
0.199812114238739,2.054360866546631,2.054360866546631,4.8431806564331055,4.8431806564331055,0.1966574788093567,7.119157791137695,1.6609973907470703,1.6609973907470703,10.688055038452148,10.688055038452148,6.399852752685547,6.083463191986084,10.060742378234863,5.4102559089660645,8.102705001831055,9.130461692810059,10.7522611618042,10.7522611618042,11.657132148742676,3.6900899410247803,3.9391367435455322,0.45052677392959595,7.243534088134766,1.5032227039337158,1.5032227039337158,0.0
2.158618450164795,2.696476459503174,2.054360866546631,4.8431806564331055,4.8431806564331055,9.098514556884766,0.0,11.233059883117676,11.233059883117676,1.3229012489318848,1.3229012489318848,7.833342552185059,7.833342552185059,10.060742378234863,5.4102559089660645,8.102705001831055,9.130461692810059,6.705023765563965,2.743565320968628,4.888566970825195,4.888566970825195,9.108736038208008,9.108736038208008,3.132798910140991,5.101143836975098,1.5032227039337158,0.0
2.158618450164795,2.158618450164795,1.757526159286499,0.0,2.455380439758301,9.098514556884766,0.20326334238052368,9.906546592712402,9.906546592712402,8.7984037399292,8.7984037399292,9.893667221069336,9.893667221069336,12.232217788696289,12.232217788696289,0.0,11.62989330291748,11.62989330291748,0.06822305917739868,12.365097045898438,8.6760835647583,0.4281230568885803,11.292035102844238,6.445422649383545,6.860078811645508,0.0,0.0
0.5728709101676941,0.5728709101676941,4.576138019561768,0.0,0.0,0.2699759602546692,0.2699759602546692,9.906546592712402,9.906546592712402,6.34279203414917,6.34279203414917,0.028099656105041504,6.205767631530762,6.205767631530762,2.8043127059936523,0.3766942620277405,0.0,1.2083771228790283,1.2083771228790283,3.574129819869995,3.574129819869995,0.4281230568885803,11.292035102844238,4.9061360359191895,5.426665782928467,1.6236381530761719,0.0896487832069397
3.0689327716827393,3.0689327716827393,5.767253398895264,5.767253398895264,8.949577331542969,8.949577331542969,7.912568092346191,0.0,10.419879913330078,9.079459190368652,0.36805206537246704,9.406825065612793,8.18676471710205,6.205767631530762,4.222678184509277,0.3766942620277405,6.434428691864014,11.911323547363281,11.911323547363281,0.0,12.046936988830566,12.046936988830566,0.0,0.0,10.851336479187012,8.010970115661621,0.0
1.1223599910736084,0.5417621731758118,5.767253398895264,5.767253398895264,4.523815631866455,4.036822319030762,8.133922576904297,0.0,10.419879913330078,6.092733860015869,0.5927042365074158,1.2464118003845215,3.3033173084259033,13.350547790527344,6.146524429321289,0.0,12.092010498046875,11.682018280029297,6.36579704284668,3.666555643081665,12.046936988830566,12.046936988830566,10.585990905761719,12.288164138793945,12.288164138793945,6.129524230957031,0.0933334231376648
1.1223599910736084,0.5417621731758118,0.0,12.025912284851074,12.025912284851074,0.0,0.0,0.0,0.5713896155357361,7.8936052322387695,10.60327434539795,0.0,0.0,6.101364612579346,0.0,0.0,6.349450588226318,6.349450588226318,0.0,5.415139675140381,9.000127792358398,14.038272857666016,14.038272857666016,12.288164138793945,12.288164138793945,2.2899117469787598,2.2899117469787598
0.9870445132255554,0.0,0.6215023398399353,0.0,10.81241512298584,10.81241512298584,5.695836544036865,10.907979011535645,0.5713896155357361,6.138072490692139,6.138072490692139,1.6975750923156738,1.0936918258666992,4.4589457511901855,9.686702728271484,9.686702728271484,0.0,0.0,0.0,0.0,9.275324821472168,9.275324821472168,5.449011325836182,4.9019694328308105,8.577446937561035,5.1709723472595215,2.2899117469787598
2.226505756378174,1.687995195388794,7.117535591125488,7.117535591125488,10.81241512298584,10.81241512298584,5.695836544036865,10.41620922088623,0.0,3.3036787509918213,3.3036787509918213,7.936790466308594,3.6370394229888916,4.4589457511901855,9.686702728271484,9.686702728271484,0.0,0.0,7.993877410888672,8.766290664672852,9.275324821472168,9.275324821472168,7.691186904907227,7.691186904907227,8.577446937561035,4.292730808258057,0.0
6.084964275360107,0.22582775354385376,7.117535591125488,7.117535591125488,12.885846138000488,12.885846138000488,7.672480583190918,1.4413037300109863,2.7132821083068848,7.70543098449707,7.70543098449707,1.2850069999694824,3.6370394229888916,3.6370394229888916,10.025752067565918,0.9210130572319031,12.753243446350098,7.750876426696777,7.993877410888672,8.766290664672852,11.408331871032715,11.408331871032715,7.691186904907227,7.691186904907227,8.457565307617188,8.457565307617188,1.6007006168365479
6.084964275360107,3.541109800338745,0.3785321116447449,0.8986819386482239,12.885846138000488,12.885846138000488,7.672480583190918,9.897679328918457,9.897679328918457,2.621438980102539,0.0,11.948529243469238,11.948529243469238,1.8345932960510254,10.044693946838379,0.18027657270431519,12.753243446350098,7.750876426696777,12.875097274780273,14.22461986541748,14.22461986541748,9.423455238342285,9.423455238342285,5.1549248695373535,5.1549248695373535,3.0537683963775635,1.6007006168365479
4.317440509796143,4.317440509796143,4.801952362060547,8.929789543151855,1.5664474964141846,8.830615997314453,0.5232632756233215,10.384316444396973,10.384316444396973,3.300222158432007,3.300222158432007,11.948529243469238,11.948529243469238,1.8345932960510254,5.098124980926514,0.0,14.799368858337402,14.799368858337402,12.875097274780273,14.22461986541748,14.22461986541748,9.832162857055664,9.832162857055664,9.32438850402832,4.813502311706543,1.5828287601470947,0.4910812973976135
0.0,2.8864905834198,1.9134960174560547,5.098052024841309,9.992074012756348,8.830615997314453,3.201482057571411,8.41646671295166,8.41646671295166,0.0,0.034956395626068115,0.5302085280418396,0.0,10.044217109680176,10.044217109680176,15.839730262756348,14.799368858337402,14.799368858337402,11.409375190734863,13.385334968566895,13.385334968566895,11.69316291809082,9.832162857055664,4.813502311706543,4.813502311706543,1.7468395233154297,1.5461878776550293
0.5273681282997131,4.056920528411865,4.056920528411865,5.668325424194336,6.476428508758545,6.476428508758545,6.983865737915039,6.4053215980529785,1.4863882064819336,16.581418991088867,16.581418991088867,0.7464730143547058,9.57383918762207,10.044217109680176,10.044217109680176,15.839730262756348,15.28540325164795,15.28540325164795,5.550386428833008,13.385334968566895,13.385334968566895,4.379507541656494,4.379507541656494,4.310126781463623,0.513127863407135,5.458767414093018,0.5010897517204285
2.5452754497528076,3.3525912761688232,3.3600776195526123,3.3600776195526123,6.476428508758545,6.476428508758545,6.983865737915039,6.679776191711426,12.591198921203613,4.324924468994141,4.324924468994141,13.0198974609375,9.815431594848633,9.815431594848633,5.806091785430908,6.253884315490723,6.253884315490723,5.697376728057861,5.697376728057861,5.529983043670654,5.529983043670654,8.370706558227539,4.178803443908691,0.03574401140213013,0.0,3.006464958190918,3.006464958190918
2.9221084117889404,2.4614977836608887,2.4614977836608887,1.364473581314087,3.9513204097747803,3.9513204097747803,4.664591312408447,4.452611446380615,11.428415298461914,8.419068336486816,4.324924468994141,6.064542293548584,9.815431594848633,9.815431594848633,5.079962253570557,4.798839569091797,4.798839569091797,6.366659641265869,6.366659641265869,3.477498769760132,3.477498769760132,1.8433177471160889,1.1093840599060059,0.47449368238449097,0.47449368238449097,1.2274749279022217,2.495326519012451
2.9221084117889404,2.632955312728882,3.00089955329895,2.2640066146850586,3.292572259902954,1.4687728881835938,0.2605283856391907,7.507254600524902,11.428415298461914,8.419068336486816,4.1582865715026855,6.064542293548584,4.805300712585449,4.805300712585449,6.166495323181152,6.166495323181152,4.798839569091797,2.6825711727142334,0.0,0.0,0.9758276343345642,5.179451942443848,1.1093840599060059,0.5427057147026062,0.0,0.48869436979293823,1.1201000213623047
3.297588586807251,3.297588586807251,3.00089955329895,2.9005236625671387,2.584791660308838,1.0098199844360352,0.9854655861854553,0.2892168164253235,5.807575225830078,5.807575225830078,2.2984836101531982,4.050313472747803,3.6796419620513916,3.6796419620513916,6.166495323181152,6.166495323181152,1.8732459545135498,0.0,1.9486162662506104,1.9486162662506104,0.20919817686080933,2.2896478176116943,1.4541199207305908,2.570159673690796,2.570159673690796,0.4323202967643738,1.1075968742370605
3.297588586807251,3.297588586807251,1.3470556735992432,2.9005236625671387,0.5701790452003479,1.0098199844360352,0.0,1.4407312870025635,5.807575225830078,5.807575225830078,1.2434556484222412,1.2434556484222412,1.1141977310180664,1.1141977310180664,0.8058577179908752,0.9321287274360657,0.0,1.0316672325134277,1.0316672325134277,0.609879195690155,0.4966217875480652,0.5187039971351624,1.1916444301605225,1.0415325164794922,2.023212432861328,0.4463450312614441,1.1075968742370605
4.290468215942383,2.0430474281311035,0.0,0.0,0.0,0.0,0.0,2.5419037342071533,5.684910297393799,2.369279384613037,0.8802458643913269,0.5727553963661194,1.1141977310180664,1.1141977310180664,0.0,0.0,0.0,1.0316672325134277,3.3782503604888916,0.609879195690155,1.5630862712860107,0.0,1.5736658573150635,1.5736658573150635,1.6237857341766357,0.8380544781684875,0.6399968266487122
0.7277721762657166,0.0,0.0,0.0,0.0,0.0,0.0,2.5419037342071533,2.5419037342071533,1.0920813083648682,0.8408411145210266,0.5727553963661194,0.0,0.0,0.0,0.0,0.0,0.0,0.0,1.822052240371704,1.5630862712860107,0.37866097688674927,1.5736658573150635,1.5736658573150635,1.6237857341766357,1.2050678730010986,1.2050678730010986
0.43980008363723755,0.0,0.0,0.0,0.0,0.0,0.0,0.0,0.0,3.1643688678741455,3.1643688678741455,1.2690343856811523,0.0,0.0,0.0,0.0,0.9024407267570496,0.9024407267570496,0.0,0.0,0.410289466381073,0.410289466381073,0.6545774340629578,1.4747629165649414,1.4747629165649414,2.9915499687194824,1.7191076278686523
0.43980008363723755,0.10483390092849731,0.10483390092849731,0.0,0.0,0.0,0.0,0.0,1.0419509410858154,6.474411964416504,6.474411964416504,1.2690343856811523,0.7345572113990784,0.0,0.3471314311027527,0.0,1.6613802909851074,0.9024407267570496,2.613121271133423,1.072817325592041,1.249814510345459,0.410289466381073,0.0,1.6117191314697266,1.6117191314697266,2.9915499687194824,1.7191076278686523
0.0,0.3885267376899719,0.3885267376899719,0.0,0.0,0.0,0.0,0.0,1.0419509410858154,6.474411964416504,6.474411964416504,2.125830888748169,2.125830888748169,3.0112946033477783,0.4789000153541565,0.0,4.711109161376953,5.846562385559082,2.613121271133423,1.072817325592041,1.249814510345459,1.1949408054351807,1.7752056121826172,1.3966469764709473,1.0019466876983643,1.0019466876983643,1.0444321632385254

Channel 1
2.985521078109741,2.222803831100464,1.5150115489959717,1.3842337131500244,3.6854474544525146,3.6854474544525146,1.329754114151001,1.329754114151001,1.5750339031219482,1.5750339031219482,1.725823163986206,2.470231294631958,2.470231294631958,1.9262020587921143,1.9262020587921143,0.6038217544555664,0.6205222606658936,1.1911869049072266,2.271883726119995,2.271883726119995,0.9352133274078369,0.11738252639770508,0.4486658573150635,0.0,1.0679454803466797,1.0679454803466797,2.987518548965454
2.093163251876831,1.5150115489959717,1.5150115489959717,0.621912956237793,0.7294149398803711,0.7294149398803711,1.6147840023040771,1.7223098278045654,1.5750339031219482,1.5750339031219482,0.07482528686523438,2.470231294631958,2.470231294631958,2.3268496990203857,1.6068274974822998,0.8446276187896729,1.564039945602417,1.5980818271636963,2.271883726119995,2.271883726119995,1.5492799282073975,1.206819772720337,0.7460389137268066,0.2312018871307373,1.3593270778656006,0.5132589340209961,0.14157724380493164
2.093163251876831,1.1773242950439453,0.7872166633605957,0.8255646228790283,1.4752171039581299,1.4752171039581299,1.8432528972625732,2.417221784591675,2.058899164199829,2.058899164199829,1.7318789958953857,1.4120824337005615,2.3268496990203857,2.3268496990203857,1.3283936977386475,1.3283936977386475,1.945674180984497,1.945674180984497,1.943530797958374,1.943530797958374,1.8238613605499268,1.8238613605499268,0.7460389137268066,1.0421092510223389,0.44677209854125977,0.44112205505371094,0.6041088104248047
0.7449319362640381,0.9883010387420654,0.3787858486175537,1.509124517440796,1.853348970413208,1.9525249004364014,1.8432528972625732,2.417221784591675,2.3175880908966064,2.3175880908966064,2.1414706707000732,2.1414706707000732,1.7652580738067627,1.7360527515411377,1.9696342945098877,1.9696342945098877,1.617039442062378,1.617039442062378,1.943530797958374,1.943530797958374,1.8238613605499268,1.8238613605499268,1.7175695896148682,1.0421092510223389,0.46036291122436523,0.3119993209838867,0.3119993209838867
1.4153387546539307,0.0,1.8547484874725342,1.8547484874725342,1.8453381061553955,2.1653902530670166,2.617835283279419,2.108593225479126,2.3175880908966064,2.3175880908966064,2.2922346591949463,2.2922346591949463,2.0046675205230713,1.6744825839996338,1.9906222820281982,2.275601625442505,1.617039442062378,2.1966164112091064,2.3234403133392334,2.3234403133392334,1.915156602859497,1.915156602859497,1.7175695896148682,1.6477444171905518,0.12752246856689453,0.3119993209838867,0.3119993209838867
1.4153387546539307,0.8651118278503418,1.8547484874725342,2.2037131786346436,2.0348665714263916,2.1653902530670166,2.617835283279419,2.40498423576355,1.6252233982086182,1.8690288066864014,2.904665231704712,2.904665231704712,2.110389471054077,2.216505289077759,1.9906222820281982,2.430161237716675,2.430161237716675,2.1966164112091064,2.810490369796753,2.810490369796753,1.9456307888031006,1.915156602859497,1.7281749248504639,2.5659282207489014,0.0,0.8934879302978516,1.920743703842163
1.225898027420044,1.398686170578003,1.714616060256958,2.4111506938934326,2.2699320316314697,2.5645744800567627,2.342496633529663,2.4259212017059326,1.6858227252960205,1.9441030025482178,2.1473538875579834,2.1677544116973877,2.4892570972442627,2.1220715045928955,2.4275143146514893,2.6967532634735107,2.430161237716675,2.2392618656158447,2.7274038791656494,2.7274038791656494,1.7216060161590576,2.4188435077667236,2.4188435077667236,2.249824285507202,1.8942596912384033,1.2289226055145264,3.3475468158721924
1.225898027420044,1.7202012538909912,2.587522268295288,2.578667402267456,2.578667402267456,2.5645744800567627,2.29109787940979,2.1254584789276123,2.1254584789276123,1.9868652820587158,1.9868652820587158,2.1677544116973877,2.4892570972442627,2.0351550579071045,2.4275143146514893,2.6967532634735107,2.4054605960845947,2.5586416721343994,2.513779878616333,2.513779878616333,1.92799973487854,2.4188435077667236,2.4188435077667236,2.3324882984161377,2.3324882984161377,2.172717332839966,4.030365943908691
0.96883225440979,1.7202012538909912,2.587522268295288,2.3960139751434326,2.3899476528167725,2.3631293773651123,1.7859013080596924,1.9695088863372803,1.9695088863372803,1.5479509830474854,1.5518219470977783,1.5758264064788818,1.6792075634002686,1.6792075634002686,2.3476011753082275,2.947979688644409,2.947979688644409,2.5551059246063232,1.2196781635284424,2.262645959854126,1.92799973487854,1.8702023029327393,1.8702023029327393,2.9899160861968994,2.9899160861968994,1.6972196102142334,3.9979469776153564
1.6807281970977783,1.6978676319122314,2.3960139751434326,2.3960139751434326,2.3631293773651123,2.3631293773651123,2.098459005355835,1.7126314640045166,1.6870367527008057,1.4472172260284424,1.1752965450286865,1.5758264064788818,1.9133741855621338,1.9133741855621338,2.2373082637786865,2.947979688644409,2.947979688644409,0.4332308769226074,1.880021333694458,2.0583598613739014,1.3620998859405518,1.8702023029327393,1.8702023029327393,1.9638760089874268,1.7538120746612549,1.9948794841766357,3.9979469776153564
1.6807281970977783,2.2993314266204834,2.2993314266204834,2.661275625228882,2.483694314956665,2.206186532974243,2.206186532974243,1.5763962268829346,1.818788766860962,0.7716066837310791,1.099761962890625,0.9862077236175537,1.9133741855621338,1.9133741855621338,1.7496020793914795,2.689720392227173,2.712796449661255,2.5651018619537354,2.452927350997925,2.3365676403045654,2.052312135696411,1.6000945568084717,1.6000945568084717,1.5659310817718506,1.6422913074493408,2.1377604007720947,6.146169662475586
1.0601365566253662,1.9714853763580322,2.449113130569458,2.483694314956665,2.483694314956665,1.9676692485809326,1.9676692485809326,0.9757306575775146,1.818788766860962,0.7716066837310791,1.099761962890625,0.9862077236175537,0.008957862854003906,0.08607697486877441,0.0,1.7544662952423096,2.4618351459503174,2.4697115421295166,2.452927350997925,2.3365676403045654,2.4577267169952393,2.1281821727752686,1.6000945568084717,1.5659310817718506,1.2386844158172607,2.1377604007720947,6.146169662475586
1.438385248184204,2.1361916065216064,1.864131212234497,2.1103737354278564,2.2667415142059326,2.4448721408843994,2.1710469722747803,1.9651095867156982,1.1881814002990723,0.0,0.0,0.0,0.0,0.0,0.0,0.40816521644592285,1.0853092670440674,1.9303815364837646,1.9303815364837646,1.90675950050354,2.57716965675354,2.1281821727752686,1.1971156597137451,0.12693309783935547,0.12693309783935547,1.4835937023162842,4.98223876953125
1.438385248184204,1.438385248184204,2.6090595722198486,2.8059146404266357,2.8059146404266357,1.92301344871521,1.9651095867156982,1.9651095867156982,1.5679476261138916,0.0,0.4607698917388916,0.4607698917388916,0.4726407527923584,0.0,0.0,0.40816521644592285,0.40816521644592285,1.9303815364837646,1.9303815364837646,1.7873265743255615,2.634910821914673,2.5829484462738037,2.6339685916900635,2.6339685916900635,0.12693309783935547,2.936767816543579,4.832058906555176
0.6006672382354736,0.5905759334564209,2.6090595722198486,2.8059146404266357,2.9250648021698,2.5233819484710693,2.3545219898223877,1.8280065059661865,1.5679476261138916,0.4054701328277588,1.0352613925933838,1.0352613925933838,0.0,0.0,0.0,0.8382399082183838,0.8382399082183838,1.7739627361297607,2.607717275619507,2.607717275619507,2.638099431991577,2.638099431991577,2.6339685916900635,2.6339685916900635,0.0,2.936767816543579,4.832058906555176
0.9227731227874756,0.9227731227874756,1.542475938796997,2.91233229637146,2.91233229637146,2.3994762897491455,2.7691986560821533,2.12162184715271,1.2511255741119385,1.2511255741119385,0.8287026882171631,0.0946190357208252,0.0,0.5453693866729736,1.5582225322723389,2.1307976245880127,2.3481481075286865,1.8254878520965576,2.9393608570098877,2.9393608570098877,1.9763553142547607,1.9763553142547607,1.1176121234893799,0.0,2.2513177394866943,2.5138885974884033,4.589929580688477
0.9227731227874756,0.9227731227874756,0.9879724979400635,2.91233229637146,2.91233229637146,3.048170804977417,3.048170804977417,2.5903499126434326,2.5903499126434326,2.2693536281585693,2.336381673812866,2.336381673812866,1.9117372035980225,1.6951682567596436,1.644275426864624,2.1307976245880127,2.3481481075286865,1.8254878520965576,1.4022486209869385,2.3005430698394775,1.2913191318511963,0.0,0.0,3.1299121379852295,2.7411367893218994,2.336247205734253,4.007935523986816
0.0,0.0,0.0,0.0,1.3412134647369385,3.048170804977417,3.048170804977417,2.5903499126434326,2.5903499126434326,2.41042160987854,2.450899839401245,1.849177598953247,1.849177598953247,2.2510898113250732,2.7812693119049072,2.7812693119049072,1.4446723461151123,0.9968140125274658,0.9968140125274658,0.6421675682067871,0.0,0.0,0.6073563098907471,3.1299121379852295,2.5405161380767822,2.4523885250091553,4.007935523986816
0.0,0.0,0.0,0.2708773612976074,0.2708773612976074,0.0,0.5353906154632568,1.8787181377410889,1.3423073291778564,1.185028076171875,2.450899839401245,0.40741920471191406,1.5276682376861572,2.2510898113250732,1.2838876247406006,0.06748199462890625,0.0,0.0,0.0,0.9188551902770996,3.038681745529175,3.038681745529175,0.09401988983154297,1.624077558517456,2.1706907749176025,2.1706907749176025,2.7696473598480225
0.2212057113647461,0.0,0.0,0.2708773612976074,0.2708773612976074,0.5237123966217041,1.9071500301361084,1.9071500301361084,0.0,0.0,1.1713733673095703,0.0,0.0,0.0,0.0,0.0,0.12588047981262207,2.0919134616851807,2.4364116191864014,2.649949789047241,2.742574453353882,2.094430685043335,0.0,0.0,0.8061208724975586,0.8061208724975586,4.926921844482422
0.6398215293884277,0.6080281734466553,0.012102842330932617,0.0,0.31687188148498535,0.6262547969818115,1.9071500301361084,1.9071500301361084,2.2778680324554443,0.0,0.0,0.0,0.0,0.0,0.0,0.0,0.12588047981262207,2.0919134616851807,2.4364116191864014,2.649949789047241,2.607884168624878,1.0717198848724365,1.8906705379486084,1.8906705379486084,0.0,1.7337872982025146,3.073244333267212
1.894500970840454,0.6080281734466553,0.32222700119018555,0.0,0.23840546607971191,0.3549618721008301,1.254784345626831,2.3653757572174072,2.3653757572174072,0.0,0.0,0.0,0.0,0.0,0.0,0.0,0.0,1.3121178150177002,1.1493611335754395,0.887075662612915,1.4215214252471924,1.0717198848724365,1.8906705379486084,1.8906705379486084,2.03657603263855,2.03657603263855,2.6389105319976807
1.894500970840454,0.313173770904541,0.1888139247894287,0.0,0.0,0.0,1.254784345626831,2.3653757572174072,2.3653757572174072,0.0,0.0,0.0,0.0,0.0,0.0,0.0,0.0,0.0,0.6610231399536133,1.1073565483093262,1.6982948780059814,1.6982948780059814,0.6269795894622803,1.1973912715911865,2.03657603263855,2.03657603263855,4.79354190826416
0.0,0.0,0.0,0.0,0.0,0.0,0.0,0.0,0.0,0.0,0.0,0.0,0.0,0.0,0.0,0.0,0.0,0.0,1.1692399978637695,1.1692399978637695,1.523644208908081,1.917452096939087,1.917452096939087,1.1445863246917725,0.9958739280700684,1.0990984439849854,4.844905853271484
0.0,0.0,0.0,0.0,0.0,0.0,0.0,0.0,0.0,0.0,0.0,0.0,0.0,0.0,0.0,0.0,0.0,0.0,1.0867805480957031,1.6493756771087646,1.6493756771087646,1.917452096939087,1.917452096939087,1.871824026107788,1.2115929126739502,1.3378512859344482,4.844905853271484
0.0,0.0,0.0,0.0,0.0,0.0,0.0,0.0,0.0,0.0,0.0,0.0,0.0,0.0,0.0,0.0,0.0,0.6028482913970947,1.6351406574249268,1.8467042446136475,1.8467042446136475,1.7271568775177002,2.0934016704559326,2.0934016704559326,1.7302629947662354,1.7302629947662354,1.1157703399658203
0.0,0.0,0.0,0.0,0.0,0.0,0.0,0.0,0.0,1.6303532123565674,1.507012128829956,1.1578824520111084,0.0,0.0,0.0,0.0,0.3655970096588135,1.257354974746704,0.828779935836792,1.6078665256500244,1.7655055522918701,1.7655055522918701,2.0934016704559326,2.0934016704559326,1.589102029800415,1.1157703399658203,1.1157703399658203

Channel 2
0.682763397693634,1.583751916885376,0.40366917848587036,0.7564333081245422,3.282071828842163,1.5878291130065918,1.387681484222412,1.0036600828170776,2.677563190460205,2.6364715099334717,4.5202107429504395,4.5202107429504395,1.4113647937774658,5.219832897186279,3.9818921089172363,4.510146141052246,1.9969313144683838,3.0034830570220947,3.0034830570220947,0.0,0.6016424298286438,0.13487668335437775,1.2610396146774292,1.5015549659729004,0.5588980317115784,0.26969850063323975,0.8930469751358032
0.13664858043193817,0.6207758188247681,0.6207758188247681,0.7564333081245422,1.0997105836868286,1.387681484222412,3.1767773628234863,0.8648930191993713,2.677563190460205,3.488132953643799,2.2917513847351074,6.814972877502441,6.814972877502441,5.219832897186279,6.173041820526123,6.173041820526123,4.383326053619385,3.123288869857788,3.056659460067749,2.6600265502929688,2.6600265502929688,0.0,1.2610396146774292,1.6779589653015137,1.8548237085342407,0.2694891691207886,0.6656703948974609
1.2678157091140747,1.2678157091140747,0.7754022479057312,0.9634291529655457,3.3506462574005127,3.3506462574005127,3.9371886253356934,1.6537185907363892,6.319573402404785,6.319573402404785,3.7532103061676025,6.814972877502441,6.814972877502441,3.6670022010803223,6.969714641571045,6.969714641571045,7.080132961273193,3.8128833770751953,3.3043174743652344,3.592792510986328,6.177844047546387,0.0,2.091250419616699,0.0,1.8548237085342407,1.8252536058425903,0.44184595346450806
1.755730152130127,1.6565953493118286,1.999753713607788,2.6063718795776367,5.2623138427734375,3.749041795730591,2.72379207611084,2.72379207611084,6.319573402404785,6.319573402404785,9.67301082611084,3.2463715076446533,3.696531295776367,8.792352676391602,11.510272026062012,6.969714641571045,7.69954252243042,7.69954252243042,8.377596855163574,8.377596855163574,6.177844047546387,5.544851779937744,2.091250419616699,0.0,1.2663185596466064,2.384113311767578,2.384113311767578
5.310053825378418,1.6565953493118286,5.731479644775391,3.5198605060577393,5.2623138427734375,7.464931964874268,7.464931964874268,0.0,7.102583408355713,4.510876178741455,4.4503560066223145,3.4444353580474854,7.364207744598389,8.792352676391602,11.510272026062012,2.569983959197998,7.69954252243042,7.69954252243042,8.377596855163574,8.377596855163574,4.190450668334961,4.058375835418701,1.9378917217254639,1.9378917217254639,0.2844419777393341,2.384113311767578,2.384113311767578
6.744039058685303,3.2652862071990967,6.777342796325684,6.777342796325684,0.8641458749771118,10.077703475952148,10.077703475952148,1.2114791870117188,7.185161590576172,7.185161590576172,8.81639289855957,8.81639289855957,11.122396469116211,7.715694904327393,11.616817474365234,11.616817474365234,1.2005443572998047,12.513779640197754,12.513779640197754,4.190450668334961,13.125128746032715,6.5249857902526855,6.308417797088623,6.308417797088623,0.0,0.49624907970428467,1.7392191886901855
3.2077977657318115,4.78629732131958,6.777342796325684,6.777342796325684,3.999011993408203,3.999011993408203,1.9432342052459717,3.4798121452331543,7.185161590576172,7.185161590576172,8.81639289855957,8.81639289855957,3.1188933849334717,3.8825061321258545,4.253937244415283,5.155223369598389,1.8524296283721924,2.1223461627960205,3.1075022220611572,1.0730992555618286,8.161548614501953,6.5249857902526855,6.308417797088623,9.197452545166016,2.223679304122925,0.7962481379508972,0.7962481379508972
2.2900471687316895,6.2766852378845215,6.2766852378845215,5.735875129699707,3.5142223834991455,5.27864933013916,3.7709059715270996,3.7709059715270996,5.222497940063477,10.2908353805542,3.537769079208374,6.926306247711182,7.595296859741211,4.954641819000244,5.167725563049316,5.167725563049316,4.191349506378174,5.1970744132995605,14.01001262664795,14.01001262664795,0.31443941593170166,6.555972576141357,6.555972576141357,2.223679304122925,2.223679304122925,1.834473729133606,0.0991564691066742
5.16446590423584,5.16446590423584,4.308765411376953,5.735875129699707,3.519028902053833,4.829819679260254,9.533623695373535,9.533623695373535,1.9081737995147705,10.2908353805542,3.537769079208374,1.883783221244812,7.411500930786133,10.606256484985352,12.563965797424316,4.862777233123779,4.191349506378174,11.477731704711914,13.801032066345215,13.801032066345215,5.060859203338623,6.555972576141357,6.983640670776367,6.983640670776367,1.834473729133606,1.834473729133606,0.4546622037887573
5.309994220733643,5.309994220733643,4.195406913757324,3.29848313331604,9.199028015136719,4.50154972076416,2.3070178031921387,1.971015214920044,1.9081737995147705,1.242855429649353,10.94915771484375,10.94915771484375,3.186779499053955,2.631364345550537,9.93365478515625,4.862777233123779,2.781059503555298,4.410367965698242,7.072890758514404,3.3334977626800537,6.689106464385986,6.689106464385986,7.111429691314697,7.111429691314697,2.591268301010132,0.0,0.31406739354133606
7.2394609451293945,7.2394609451293945,3.29848313331604,6.58318567276001,4.0293869972229,10.141408920288086,10.141408920288086,13.77540111541748,13.77540111541748,2.6527934074401855,10.94915771484375,10.94915771484375,3.186779499053955,3.165881633758545,2.1095707416534424,7.982690334320068,7.982690334320068,2.9928970336914062,0.9693790078163147,0.5528149008750916,0.2680661976337433,8.503020286560059,8.503020286560059,6.461447238922119,1.9072093963623047,2.3991808891296387,0.9359273910522461
5.618359088897705,7.628973484039307,7.980325222015381,7.980325222015381,6.110434055328369,10.141408920288086,10.141408920288086,13.77540111541748,13.77540111541748,2.6527934074401855,3.40950345993042,6.094328880310059,6.094328880310059,4.598794937133789,2.1359074115753174,7.982690334320068,7.982690334320068,2.9928970336914062,1.1525975465774536,8.07571029663086,8.07571029663086,8.503020286560059,8.503020286560059,2.0178256034851074,2.0178256034851074,2.3991808891296387,1.3714920282363892
7.881982803344727,7.881982803344727,7.980325222015381,7.980325222015381,6.110434055328369,8.485708236694336,7.596892356872559,7.596892356872559,0.995439350605011,0.995439350605011,8.001399040222168,3.2012362480163574,2.631218433380127,4.598794937133789,5.481516361236572,5.481516361236572,6.709854602813721,11.613454818725586,1.5479694604873657,8.07571029663086,8.07571029663086,5.786529541015625,4.784023761749268,4.631412029266357,4.631412029266357,0.7541829943656921,1.364121437072754
6.450736999511719,7.046730041503906,9.758163452148438,4.9683990478515625,4.529268264770508,8.485708236694336,7.596892356872559,7.596892356872559,9.884612083435059,2.984060764312744,2.55501127243042,2.484025478363037,12.314419746398926,6.144519329071045,11.516745567321777,11.516745567321777,6.709854602813721,11.613454818725586,8.137774467468262,8.137774467468262,9.357242584228516,4.836249828338623,5.949430465698242,5.110201835632324,4.631412029266357,0.27255386114120483,0.27255386114120483
1.2229681015014648,6.772986888885498,9.758163452148438,10.336231231689453,10.336231231689453,5.984320163726807,5.984320163726807,1.0129655599594116,14.231127738952637,14.231127738952637,4.385088920593262,1.86919105052948,13.44486141204834,13.44486141204834,0.9622417688369751,7.6551337242126465,2.941437005996704,8.69468879699707,8.309666633605957,8.137774467468262,10.823448181152344,10.823448181152344,5.949430465698242,5.110201835632324,0.5244616270065308,0.8309009075164795,0.8309009075164795
3.6433310508728027,5.74092960357666,12.753144264221191,12.753144264221191,10.336231231689453,10.951108932495117,10.951108932495117,6.145688056945801,13.07220458984375,13.07220458984375,3.9666528701782227,1.5637407302856445,1.2571674585342407,3.2997729778289795,4.532849311828613,11.2072114944458,11.2072114944458,8.69468879699707,8.309666633605957,7.425765514373779,6.614065647125244,5.471827030181885,2.250925302505493,2.250925302505493,0.5244616270065308,2.9691851139068604,2.9691851139068604
1.0590506792068481,1.825374722480774,12.753144264221191,13.1474027633667,13.1474027633667,10.585957527160645,8.728147506713867,14.549080848693848,6.205749988555908,2.8088910579681396,10.741539001464844,10.741539001464844,8.053872108459473,10.401864051818848,4.63999605178833,11.2072114944458,11.2072114944458,8.6369047164917,8.6369047164917,5.333820819854736,6.614065647125244,1.5104302167892456,2.250925302505493,2.250925302505493,0.666343629360199,7.440861701965332,7.440861701965332
1.0191644430160522,0.6573672294616699,4.852905750274658,4.852905750274658,5.954315662384033,11.189984321594238,11.189984321594238,14.549080848693848,12.984630584716797,12.984630584716797,10.741539001464844,11.09856128692627,11.09856128692627,10.401864051818848,11.386943817138672,11.386943817138672,9.983074188232422,3.6197896003723145,5.333820819854736,5.333820819854736,2.1262519359588623,2.025759696960449,0.3460358679294586,1.3751015663146973,1.3751015663146973,4.303894519805908,7.190215110778809
0.1978882998228073,0.6535749435424805,2.3947532176971436,4.582618236541748,5.319766521453857,5.319766521453857,10.484508514404297,10.541143417358398,4.853759288787842,7.319267272949219,7.319267272949219,7.080491542816162,8.847943305969238,7.988802433013916,7.988802433013916,4.48850154876709,4.48850154876709,2.5100393295288086,1.5276250839233398,2.3135311603546143,1.019416093826294,1.019416093826294,1.2200223207473755,1.030342698097229,1.6287885904312134,1.2013970613479614,7.316068649291992
1.7764537334442139,0.45819976925849915,1.7454530000686646,2.1857354640960693,2.874458074569702,3.007627010345459,2.9630398750305176,8.17265796661377,8.17265796661377,5.45460844039917,7.158230781555176,6.0208821296691895,6.0208821296691895,2.5902814865112305,3.490225076675415,4.48850154876709,4.48850154876709,2.4822838306427,0.8267107009887695,0.8267107009887695,0.36192208528518677,0.9344620108604431,1.5619679689407349,1.6978166103363037,1.6978166103363037,2.044375419616699,4.763159275054932
1.7764537334442139,1.269711971282959,1.7454530000686646,1.6934254169464111,1.525551438331604,2.7885122299194336,2.7885122299194336,2.1944518089294434,2.1944518089294434,2.2921926975250244,3.8760998249053955,3.343059778213501,2.1834604740142822,2.1235337257385254,1.3582494258880615,0.8185475468635559,3.0595178604125977,4.446338653564453,0.8506760597229004,3.1338236331939697,0.20045585930347443,0.20045585930347443,0.0,1.6978166103363037,1.6978166103363037,2.044375419616699,2.044375419616699
0.18773026764392853,1.269711971282959,1.9737277030944824,1.9737277030944824,1.4071515798568726,1.4071515798568726,1.7087417840957642,1.5712465047836304,0.6872624158859253,0.0,2.435039520263672,0.6902010440826416,1.3150442838668823,1.333922028541565,1.333922028541565,0.2453300505876541,1.1743375062942505,4.446338653564453,3.306875467300415,3.3981127738952637,2.2522857189178467,2.296339988708496,2.296339988708496,0.0,0.7231400012969971,1.4426125288009644,1.6626819372177124
0.3090510666370392,1.8368524312973022,1.9737277030944824,1.9737277030944824,1.0639088153839111,1.3574914932250977,1.5712465047836304,1.5712465047836304,1.2313437461853027,1.2313437461853027,1.1239469051361084,0.6902010440826416,0.6902010440826416,0.20768487453460693,0.20768487453460693,0.11519786715507507,0.05601133033633232,1.803566813468933,3.0092926025390625,2.1822187900543213,1.4273173809051514,2.296339988708496,2.463923454284668,2.463923454284668,0.42818501591682434,1.190812587738037,1.2497459650039673
2.166501045227051,1.8368524312973022,1.8368524312973022,0.8707801699638367,0.6434267163276672,0.3459133803844452,0.33455556631088257,0.2503553330898285,1.2313437461853027,1.2313437461853027,0.13509207963943481,0.13509207963943481,0.203465074300766,0.20768487453460693,0.20768487453460693,0.0,0.05601133033633232,1.1057618856430054,2.1732327938079834,2.1732327938079834,0.9529067873954773,1.1637063026428223,2.463923454284668,2.463923454284668,0.12517516314983368,1.190812587738037,1.190812587738037
3.6013689041137695,3.6013689041137695,0.8238701820373535,0.3502350449562073,0.8181531429290771,0.6944296360015869,0.8838270902633667,0.9197258353233337,0.9981357455253601,0.6506912112236023,0.0,0.0,0.0,0.0,0.0,0.0,0.7714248299598694,0.5951215624809265,2.1732327938079834,2.1732327938079834,0.5619624853134155,0.9269745349884033,0.9269745349884033,0.7305002808570862,1.5020036697387695,0.2550920844078064,1.2480312585830688
3.677938461303711,3.677938461303711,1.042707085609436,0.5165837407112122,0.8940650224685669,0.9957643151283264,0.7140244841575623,1.4549148082733154,1.4549148082733154,1.457759976387024,1.4741109609603882,2.0879876613616943,0.3922242522239685,0.2520049214363098,0.2520049214363098,0.4701860547065735,0.5876204371452332,1.5915659666061401,1.5915659666061401,0.3452313244342804,0.4188259243965149,0.9269745349884033,0.9269745349884033,0.6008415818214417,1.9101154804229736,0.2550920844078064,2.107546091079712
1.7814714908599854,2.4689416885375977,1.491271734237671,0.5690672993659973,1.0951440334320068,0.7376957535743713,0.7140244841575623,1.4549148082733154,1.4549148082733154,1.3412575721740723,1.4741109609603882,2.0879876613616943,0.7485007047653198,0.7749808430671692,0.7209748029708862,0.1496833711862564,0.7570595145225525,0.7570595145225525,1.2588626146316528,0.8484194874763489,1.2839430570602417,1.2839430570602417,0.0,1.1226648092269897,0.3520869016647339,0.3520869016647339,1.6003456115722656

Channel 3
1.2986996173858643,2.1214656829833984,2.085803508758545,0.2791192829608917,0.8057820200920105,1.1597567796707153,2.1641414165496826,2.919863700866699,5.1130194664001465,1.9405572414398193,2.692070484161377,2.692070484161377,12.150550842285156,12.150550842285156,5.1463623046875,5.1463623046875,0.8315979242324829,0.8315979242324829,12.514816284179688,12.514816284179688,2.2933051586151123,2.606661796569824,5.786332607269287,1.6902321577072144,2.0212478637695312,2.0212478637695312,7.978729724884033
3.1952428817749023,2.1769111156463623,0.014035739004611969,0.014035739004611969,2.8381552696228027,1.5829006433486938,1.1597567796707153,1.9125269651412964,5.1130194664001465,3.0422375202178955,3.617584228515625,9.606270790100098,5.365649223327637,4.940589427947998,7.870991230010986,7.870991230010986,5.782307147979736,5.010268688201904,2.1745870113372803,1.9771552085876465,0.5667200684547424,2.606661796569824,2.606661796569824,2.8542449474334717,2.8542449474334717,2.648803949356079,1.0723923444747925
7.140605449676514,7.140605449676514,2.6303598880767822,2.6303598880767822,2.8381552696228027,3.289496660232544,3.289496660232544,1.6434332132339478,2.495624303817749,3.0422375202178955,5.624406814575195,9.606270790100098,5.303664684295654,6.295814037322998,6.295814037322998,5.782307147979736,5.782307147979736,2.548835039138794,2.548835039138794,6.413989067077637,1.1004226207733154,3.592134475708008,4.301297187805176,4.301297187805176,1.506047248840332,1.506047248840332,0.14587163925170898
5.109620571136475,3.2360475063323975,5.427728652954102,1.822280764579773,0.5386413931846619,3.289496660232544,4.586834907531738,4.586834907531738,1.178430438041687,1.0588434934616089,5.624406814575195,5.678710460662842,2.301851749420166,4.420369625091553,6.6218037605285645,4.36434268951416,1.5032379627227783,2.548835039138794,3.1234805583953857,3.41963791847229,8.532047271728516,4.1910223960876465,4.301297187805176,4.301297187805176,3.2246320247650146,2.7563493251800537,2.7563493251800537
5.109620571136475,3.2360475063323975,5.427728652954102,2.1246650218963623,2.1246650218963623,2.652876138687134,4.586834907531738,4.586834907531738,0.5052406787872314,0.5052406787872314,3.147996187210083,3.667672872543335,3.667672872543335,1.2913079261779785,0.6144506931304932,0.5869885087013245,2.88893985748291,2.483535051345825,4.910684108734131,5.335731506347656,8.532047271728516,2.967320442199707,4.468874454498291,3.6982622146606445,1.5556528568267822,2.7563493251800537,2.7563493251800537
3.8366379737854004,3.8366379737854004,1.0403600931167603,1.0403600931167603,1.0468329191207886,2.652876138687134,2.652876138687134,0.08911723643541336,1.198156714439392,0.6435121297836304,1.4713735580444336,4.03089714050293,4.03089714050293,0.23707249760627747,0.6144506931304932,0.00798805058002472,2.88893985748291,2.483535051345825,1.8116086721420288,0.7838066220283508,0.7838066220283508,0.6239050030708313,4.468874454498291,3.4122843742370605,1.695483684539795,1.695483684539795,0.9911438822746277
2.245917797088623,2.245917797088623,1.9972007274627686,1.0403600931167603,1.0468329191207886,1.0468329191207886,0.30206042528152466,1.7260040044784546,1.7260040044784546,3.8550727367401123,4.643821716308594,4.03089714050293,4.03089714050293,0.6884398460388184,2.043297290802002,2.043297290802002,1.8143783807754517,0.518027126789093,0.0718655064702034,4.408740520477295,4.408740520477295,0.7582866549491882,2.522310495376587,2.522310495376587,4.066954612731934,2.932013988494873,1.2407851219177246
1.3554816246032715,1.3554816246032715,1.9972007274627686,1.0440934896469116,0.8308641910552979,1.635111689567566,2.069807529449463,1.4402209520339966,1.0207446813583374,1.2746638059616089,0.45470666885375977,0.45470666885375977,3.745288372039795,3.745288372039795,3.052271842956543,3.052271842956543,2.279034376144409,2.279034376144409,0.5053856372833252,0.7263889312744141,1.2575345039367676,2.7098703384399414,2.522310495376587,2.522310495376587,4.562088489532471,4.562088489532471,1.3584635257720947
0.2488023042678833,2.1221933364868164,3.1238412857055664,3.1238412857055664,0.8806294202804565,1.5115894079208374,2.069807529449463,1.4402209520339966,2.759432792663574,1.1641144752502441,1.1641144752502441,0.964227020740509,0.9873608946800232,0.46752655506134033,3.052271842956543,3.052271842956543,2.279034376144409,2.279034376144409,0.6963729858398438,0.5745937824249268,0.518250584602356,0.762464702129364,1.6159828901290894,1.6159828901290894,4.562088489532471,4.562088489532471,1.3724751472473145
0.25796961784362793,2.1221933364868164,2.1221933364868164,0.8806294202804565,0.8806294202804565,1.5115894079208374,1.5115894079208374,0.09899739176034927,0.5912482142448425,0.5912482142448425,0.8980138897895813,0.8980138897895813,0.24646607041358948,4.7719244956970215,4.7719244956970215,0.6161893606185913,1.0647715330123901,0.8060287237167358,0.8060287237167358,2.3263628482818604,3.307117223739624,1.5571739673614502,1.6159828901290894,1.6159828901290894,1.4834994077682495,3.4840641021728516,1.3724751472473145
1.162466049194336,0.45525306463241577,0.11182700842618942,0.7639569640159607,0.5844892263412476,1.8908357620239258,1.3074893951416016,3.3566956520080566,3.3566956520080566,3.8994393348693848,4.416855335235596,2.211543083190918,0.7338911294937134,1.3575639724731445,1.3575639724731445,0.6925663352012634,0.000739075243473053,0.8060287237167358,0.8060287237167358,2.3263628482818604,3.307117223739624,3.4884307384490967,3.4884307384490967,1.318985104560852,1.284645676612854,3.4840641021728516,1.9193226099014282
1.3768752813339233,1.3768752813339233,0.8641168475151062,2.0617387294769287,1.0207855701446533,0.5589443445205688,0.6289639472961426,1.6554911136627197,1.6554911136627197,0.5657917857170105,0.3472681939601898,1.0218772888183594,1.79373300075531,1.3575639724731445,1.3575639724731445,1.8587188720703125,1.3531064987182617,0.12354641407728195,1.7291532754898071,3.2264351844787598,4.294491767883301,4.951707363128662,3.0853612422943115,1.1323896646499634,2.0157201290130615,2.1607213020324707,1.1383100748062134
1.5499072074890137,1.3768752813339233,5.226160526275635,5.226160526275635,1.082518458366394,0.5735122561454773,2.423403263092041,2.423403263092041,1.6554911136627197,1.428698182106018,1.7672655582427979,1.1692981719970703,1.8383009433746338,1.4066190719604492,3.619011640548706,3.619011640548706,1.3531064987182617,0.8140485882759094,3.875532388687134,4.948719501495361,3.2264351844787598,1.3441143035888672,1.3441143035888672,1.0076359510421753,2.0157201290130615,2.1607213020324707,1.7426925897598267
3.9448113441467285,0.6256710290908813,0.7370151877403259,1.082518458366394,5.658092498779297,5.658092498779297,2.8346118927001953,2.423403263092041,1.391783595085144,1.428698182106018,1.7672655582427979,1.1692981719970703,1.8383009433746338,1.7703070640563965,3.619011640548706,3.619011640548706,3.2278969287872314,3.2278969287872314,3.875532388687134,4.948719501495361,2.334526300430298,4.299221515655518,5.576959133148193,5.576959133148193,1.4398308992385864,3.075895309448242,1.4122459888458252
3.9109420776367188,4.970190525054932,1.481738805770874,2.7142486572265625,5.658092498779297,5.658092498779297,2.7198774814605713,0.8536929488182068,1.4788562059402466,3.0679233074188232,3.0679233074188232,2.9173097610473633,2.9173097610473633,1.9359416961669922,3.406881093978882,1.3539632558822632,3.2278969287872314,3.2278969287872314,0.718388020992279,1.426207423210144,2.2388527393341064,2.518764019012451,0.0,0.6153234839439392,3.0907654762268066,3.075895309448242,2.9795279502868652
4.4266839027404785,4.970190525054932,2.399845838546753,6.915111541748047,2.5984692573547363,3.124708652496338,1.9660975933074951,1.906959891319275,1.906959891319275,1.167426586151123,1.6512821912765503,2.9173097610473633,2.9173097610473633,2.1659655570983887,3.0899088382720947,0.7751153707504272,1.5943564176559448,1.6520594358444214,1.157729148864746,1.8484694957733154,0.8256296515464783,0.7782872915267944,2.4152004718780518,2.4152004718780518,3.0907654762268066,1.8399085998535156,1.1499968767166138
1.3176041841506958,1.8251183032989502,3.2177622318267822,1.2402994632720947,6.688844203948975,6.444360733032227,4.348599910736084,4.348599910736084,0.7624310851097107,1.167426586151123,1.6184529066085815,4.732915878295898,4.732915878295898,4.094764709472656,3.0899088382720947,4.9217448234558105,4.9217448234558105,2.302548408508301,3.3179869651794434,3.9406352043151855,1.8216924667358398,1.5775705575942993,2.516653537750244,5.83546257019043,2.1961333751678467,0.13808834552764893,1.1499968767166138
1.0651439428329468,0.45217466354370117,6.052097797393799,6.052097797393799,1.1466258764266968,3.730703353881836,3.730703353881836,2.99899959564209,0.7624310851097107,1.6864224672317505,4.423604488372803,4.732915878295898,4.732915878295898,6.490920066833496,6.490920066833496,4.9217448234558105,4.9217448234558105,2.302548408508301,2.7228052616119385,3.9406352043151855,5.581459045410156,8.712846755981445,2.704134225845337,2.516653537750244,0.510708749294281,1.2340171337127686,3.450227975845337
2.3010454177856445,0.7806600332260132,0.0,3.0782148838043213,5.337181091308594,3.730703353881836,3.730703353881836,3.6996498107910156,1.0902758836746216,4.7408623695373535,4.7408623695373535,5.969844341278076,6.9962873458862305,6.9962873458862305,6.490920066833496,8.583273887634277,8.583273887634277,3.0994317531585693,3.048090934753418,2.464444398880005,5.581459045410156,8.712846755981445,2.704134225845337,0.9992465376853943,0.510708749294281,1.2340171337127686,3.450227975845337
5.01846170425415,3.5614492893218994,1.4785722494125366,3.0782148838043213,2.2994773387908936,4.654043197631836,6.681879043579102,6.681879043579102,2.888237476348877,4.7408623695373535,4.7408623695373535,1.6726536750793457,2.038034677505493,2.816725254058838,7.385858535766602,7.863698959350586,7.484029769897461,2.670137882232666,3.048090934753418,2.464444398880005,3.7409777641296387,3.7409777641296387,3.927812099456787,4.357211589813232,0.5554914474487305,0.5061064958572388,0.15763139724731445
3.7074756622314453,3.7074756622314453,3.1548116207122803,8.374900817871094,8.374900817871094,2.0259995460510254,0.7279729843139648,2.8860485553741455,2.8860485553741455,3.488278865814209,2.9842846393585205,3.277820587158203,5.0064496994018555,9.102438926696777,7.385858535766602,7.863698959350586,7.484029769897461,0.0,0.9368764758110046,2.0355799198150635,0.4764840006828308,4.731189727783203,5.28878927230835,4.357211589813232,3.210118293762207,2.223522424697876,1.3973816633224487
3.3066279888153076,3.3066279888153076,3.1548116207122803,8.374900817871094,8.374900817871094,2.424949884414673,1.742180347442627,1.1358460187911987,0.44783729314804077,1.4744025468826294,1.8096586465835571,3.277820587158203,2.7650177478790283,2.3023085594177246,0.27044248580932617,0.24697300791740417,0.2145501673221588,5.818902492523193,5.818902492523193,2.0355799198150635,0.48266762495040894,4.731189727783203,5.28878927230835,2.2861170768737793,3.200011730194092,1.0778306722640991,1.57918119430542
0.8000348210334778,1.8607252836227417,1.8607252836227417,0.0,0.7881774306297302,2.055269241333008,2.055269241333008,2.564377784729004,2.564377784729004,1.4744025468826294,2.940767526626587,2.940767526626587,1.2095540761947632,0.4643128514289856,0.5988825559616089,0.19175338745117188,0.69510817527771,5.818902492523193,5.818902492523193,2.133183479309082,0.7926800847053528,2.248070478439331,2.248070478439331,0.15571370720863342,2.203936815261841,2.203936815261841,0.043776921927928925
0.8000348210334778,0.08381152898073196,0.5479729175567627,0.5479729175567627,0.116385318338871,0.42484021186828613,0.42484021186828613,4.044092178344727,5.636756896972656,4.9130706787109375,1.597406268119812,0.9458938241004944,0.019134968519210815,0.1570773720741272,0.5988825559616089,0.0,0.07555808871984482,0.6029698252677917,3.903696298599243,2.133183479309082,1.421103835105896,1.3808186054229736,1.3163319826126099,0.8252740502357483,0.8252740502357483,0.0,0.5378678441047668
0.7473695278167725,0.20992061495780945,3.2650907039642334,0.9241086840629578,0.9241086840629578,0.42484021186828613,0.42484021186828613,1.1504501104354858,5.636756896972656,4.9130706787109375,1.9289302825927734,1.9289302825927734,0.19347381591796875,0.23069962859153748,0.338679701089859,0.28284749388694763,3.942096710205078,3.942096710205078,2.1180636882781982,2.1180636882781982,1.127535104751587,0.6263964772224426,1.1469473838806152,1.1469473838806152,0.8252740502357483,2.483431577682495,3.727952718734741
1.495781660079956,1.0632705688476562,1.5763357877731323,0.9241086840629578,0.9241086840629578,0.3267552852630615,0.6276646852493286,1.4792256355285645,1.4792256355285645,0.9940088391304016,1.9289302825927734,2.529719114303589,0.7401666641235352,1.1574994325637817,1.1628473997116089,1.791308879852295,4.834017753601074,3.953009605407715,2.796431064605713,2.783921241760254,2.291347026824951,1.4547227621078491,1.2777466773986816,1.2804296016693115,1.2804296016693115,5.212306499481201,3.727952718734741
1.495781660079956,0.8775771260261536,0.8775771260261536,0.7933951020240784,0.473846435546875,0.6328108906745911,1.029080867767334,1.029080867767334,0.5178790092468262,3.677323579788208,6.25259256362915,6.25259256362915,3.4400362968444824,10.512744903564453,10.512744903564453,1.916163444519043,5.43862247467041,3.953009605407715,2.796431064605713,2.783921241760254,1.4547227621078491,3.277935266494751,3.277935266494751,0.8334482312202454,0.47297579050064087,0.0,1.041591763496399

Channel 4
0.7843185663223267,0.48798686265945435,0.48798686265945435,1.4935529232025146,1.4935529232025146,0.29953694343566895,0.29953694343566895,1.5854177474975586,1.5854177474975586,3.530827522277832,3.530827522277832,0.36613309383392334,4.652298927307129,2.160043716430664,3.9058775901794434,4.544414520263672,4.544414520263672,2.265249490737915,2.265249490737915,6.043893337249756,3.6370115280151367,3.6370115280151367,0.2867739796638489,0.0,1.2123240232467651,1.9695113897323608,0.9207908511161804
0.9099233746528625,0.5223149657249451,1.019110083580017,1.019110083580017,0.9813694357872009,0.0,0.0,3.5459718704223633,3.5459718704223633,3.530827522277832,3.530827522277832,1.3975722789764404,4.652298927307129,3.8027219772338867,3.9058775901794434,4.724399566650391,4.724399566650391,1.021337628364563,1.3938933610916138,5.732004165649414,3.6370115280151367,5.561456680297852,2.9704575538635254,2.9704575538635254,1.2123240232467651,1.5231657028198242,1.1002962589263916
1.0982730388641357,0.2944614887237549,1.019110083580017,1.019110083580017,0.0,1.3555196523666382,1.3555196523666382,3.0714898109436035,3.0714898109436035,2.081949472427368,2.753167152404785,2.753167152404785,1.540697693824768,4.121989727020264,4.121989727020264,5.381411075592041,5.381411075592041,2.734266757965088,1.8219326734542847,6.565157413482666,2.874453544616699,6.154568195343018,9.113646507263184,9.113646507263184,0.2976658344268799,1.3132411241531372,1.54288649559021
1.1954166889190674,1.3418710231781006,1.3418710231781006,0.0,0.0,1.3555196523666382,2.4225802421569824,3.0714898109436035,3.0714898109436035,6.139177322387695,2.710317611694336,5.318935871124268,5.049722671508789,5.049722671508789,2.6575231552124023,5.381411075592041,5.381411075592041,6.937021732330322,6.937021732330322,6.565157413482666,6.049623489379883,6.154568195343018,9.113646507263184,9.113646507263184,5.689002513885498,1.0242183208465576,1.54288649559021
1.5410221815109253,1.3418710231781006,1.3418710231781006,0.15627674758434296,0.5752697587013245,0.5752697587013245,2.1015310287475586,6.055812358856201,6.055812358856201,6.139177322387695,2.710317611694336,5.318935871124268,5.049722671508789,6.4361677169799805,0.45146065950393677,5.167612075805664,5.167612075805664,6.937021732330322,6.937021732330322,6.049623489379883,6.049623489379883,3.227450370788574,4.4183735847473145,7.2941575050354,9.435344696044922,3.2692224979400635,0.25907260179519653
2.073899269104004,0.8012616038322449,0.0,1.2157070636749268,3.7371978759765625,4.0333571434021,0.9650025963783264,6.055812358856201,6.055812358856201,6.947827339172363,6.947827339172363,7.551727294921875,6.260257720947266,8.549195289611816,8.549195289611816,2.2611470222473145,6.722576141357422,6.722576141357422,3.2880940437316895,10.872739791870117,6.933681011199951,3.227450370788574,6.500094413757324,6.370504379272461,9.435344696044922,3.2692224979400635,0.5625282526016235
2.4132437705993652,0.0,0.0,1.2157070636749268,3.451198101043701,4.0333571434021,0.9792795777320862,6.141921520233154,6.141921520233154,6.947827339172363,6.947827339172363,6.260257720947266,6.260257720947266,8.549195289611816,8.549195289611816,0.0,6.722576141357422,6.722576141357422,2.6489312648773193,10.872739791870117,7.802684783935547,2.2378666400909424,9.50771427154541,8.367199897766113,8.599030494689941,6.379035949707031,0.35871952772140503
1.4526646137237549,0.0,2.586052656173706,2.586052656173706,3.7849953174591064,2.7856106758117676,2.0750653743743896,2.2848100662231445,7.914364337921143,0.6109669208526611,1.1628602743148804,6.210910797119141,2.7875359058380127,2.7875359058380127,3.8326447010040283,0.0,3.969965934753418,10.213043212890625,10.213043212890625,4.70808219909668,7.716428756713867,7.716428756713867,8.367199897766113,8.367199897766113,7.289141654968262,6.858388900756836,2.9467360973358154
1.5277749300003052,0.0,2.586052656173706,2.586052656173706,3.7849953174591064,5.844956398010254,5.844956398010254,1.707945466041565,7.914364337921143,0.6490863561630249,0.8144215941429138,6.210910797119141,5.655217170715332,12.252097129821777,2.0944037437438965,0.7780673503875732,14.325671195983887,10.213043212890625,10.213043212890625,5.223110675811768,7.925909519195557,7.925909519195557,3.709554433822632,5.686364650726318,7.749994277954102,5.4693379402160645,2.9467360973358154
2.926990270614624,0.0,0.0,7.805630207061768,7.805630207061768,5.187374591827393,5.187374591827393,0.6759162545204163,1.612753987312317,7.0737786293029785,7.0737786293029785,0.0,5.655217170715332,12.252097129821777,0.9869236350059509,0.7780673503875732,14.325671195983887,10.149904251098633,0.0,7.335875988006592,7.335875988006592,10.029687881469727,10.029687881469727,8.216544151306152,8.216544151306152,5.412235736846924,4.872399806976318
2.82863187789917,0.0,1.4538536071777344,7.805630207061768,8.290553092956543,8.290553092956543,7.435621738433838,7.435621738433838,1.9042905569076538,7.0737786293029785,7.0737786293029785,1.9012130498886108,0.4875304698944092,1.8027981519699097,5.146886348724365,5.146886348724365,4.747223377227783,4.747223377227783,0.34657979011535645,6.436789035797119,7.617016315460205,10.029687881469727,10.029687881469727,7.166418075561523,7.166418075561523,6.089620113372803,6.089620113372803
1.4751394987106323,0.5731530785560608,1.4538536071777344,1.4538536071777344,8.32258129119873,8.32258129119873,7.817562103271484,7.817562103271484,2.370976686477661,2.370976686477661,1.9296690225601196,3.768146276473999,1.1455367803573608,1.1455367803573608,6.564651966094971,6.564651966094971,0.0,0.0,2.7383244037628174,2.7383244037628174,7.617016315460205,7.617016315460205,6.402906894683838,6.402906894683838,2.838380813598633,6.036782741546631,5.080490589141846
1.4661275148391724,0.5731530785560608,3.8433632850646973,0.0,4.337098598480225,4.337098598480225,3.6630914211273193,3.6630914211273193,3.107468366622925,4.415585041046143,4.415585041046143,3.768146276473999,1.4488199949264526,1.4488199949264526,3.366878032684326,2.5032875537872314,5.944890975952148,0.0,7.387608051300049,7.387608051300049,9.506040573120117,9.506040573120117,6.402906894683838,6.402906894683838,3.90362548828125,6.036782741546631,3.3824148178100586
1.3837827444076538,0.0,2.7047438621520996,0.0,8.720611572265625,8.720611572265625,3.9671401977539062,4.462917804718018,4.462917804718018,4.232376575469971,4.232376575469971,7.6686320304870605,7.6686320304870605,5.0126142501831055,8.674524307250977,0.3725935220718384,9.51590633392334,1.3275530338287354,5.814072132110596,5.814072132110596,9.506040573120117,9.506040573120117,6.186354637145996,6.186354637145996,4.713529586791992,4.713529586791992,1.8867038488388062
2.4667792320251465,0.9550831913948059,0.5108245015144348,0.5108245015144348,6.638103485107422,6.638103485107422,3.9671401977539062,10.629548072814941,10.629548072814941,3.17012882232666,0.7056198716163635,11.603791236877441,11.603791236877441,5.0126142501831055,8.674524307250977,0.0,5.053712844848633,3.4459176063537598,4.337609767913818,7.359012126922607,6.906580924987793,7.163211345672607,7.163211345672607,5.221982955932617,4.632144451141357,4.632144451141357,0.26109224557876587
2.4667792320251465,1.476790428161621,0.5108245015144348,0.5108245015144348,5.227992534637451,3.1052870750427246,0.7058215141296387,10.629548072814941,10.629548072814941,2.209087371826172,2.209087371826172,8.389883995056152,8.389883995056152,2.59653377532959,3.1905276775360107,4.043312072753906,5.76242208480835,5.76242208480835,2.000293254852295,7.359012126922607,6.906580924987793,4.630425930023193,4.630425930023193,3.452010154724121,3.452010154724121,3.316298007965088,2.140139102935791
1.457677960395813,1.1336060762405396,1.1336060762405396,0.0,5.227992534637451,2.795623302459717,5.9546918869018555,3.45762300491333,3.45762300491333,9.568153381347656,9.568153381347656,2.7721192836761475,5.7824225425720215,4.633285045623779,4.702657222747803,6.6908087730407715,7.029992580413818,7.029992580413818,2.3630590438842773,3.8386342525482178,4.047239303588867,4.047239303588867,4.655683517456055,3.452010154724121,3.452010154724121,5.522581577301025,2.140139102935791
1.8442658185958862,1.1336060762405396,1.1336060762405396,0.20501364767551422,0.20501364767551422,0.0,5.9546918869018555,3.6484179496765137,3.6484179496765137,9.568153381347656,9.568153381347656,7.607527732849121,5.7824225425720215,7.649184703826904,7.649184703826904,6.6908087730407715,7.029992580413818,7.029992580413818,2.3630590438842773,3.8386342525482178,3.814164638519287,4.338079452514648,4.683028697967529,1.3347156047821045,0.8098404407501221,5.522581577301025,4.614218235015869
2.137397289276123,0.13019731640815735,0.24534709751605988,0.20501364767551422,0.20501364767551422,1.412662148475647,1.412662148475647,3.6484179496765137,3.6484179496765137,1.5474437475204468,2.7886979579925537,7.607527732849121,3.438755750656128,5.403369426727295,5.403369426727295,3.681187152862549,3.681187152862549,1.6173802614212036,2.9747464656829834,2.9747464656829834,2.8697316646575928,3.318720817565918,3.318720817565918,1.4699205160140991,1.4699205160140991,4.614218235015869,4.614218235015869
2.137397289276123,1.223667025566101,1.223667025566101,0.3171868920326233,0.561444878578186,1.412662148475647,1.412662148475647,0.0,2.488175392150879,0.9351775050163269,2.111773729324341,2.111773729324341,2.156752586364746,2.156752586364746,2.088196039199829,2.0331315994262695,3.028146982192993,0.5761626958847046,2.9747464656829834,2.9747464656829834,0.33941400051116943,1.1568361520767212,1.2117277383804321,1.4699205160140991,1.4699205160140991,0.9983298182487488,2.977370023727417
1.0077203512191772,1.791300654411316,1.791300654411316,1.2404793500900269,0.561444878578186,1.5804778337478638,0.26893383264541626,0.27206361293792725,1.697075605392456,2.028254985809326,2.028254985809326,0.691207230091095,0.0,1.9379538297653198,2.4418461322784424,2.5086255073547363,2.856778860092163,0.6608899831771851,0.898783266544342,0.0,0.5016611218452454,0.9423174262046814,1.2117277383804321,1.1222293376922607,1.8489155769348145,1.8489155769348145,1.6290096044540405
1.0913950204849243,0.7817294001579285,0.7817294001579285,1.2404793500900269,0.19405792653560638,2.4524450302124023,2.4524450302124023,0.8683661818504333,0.9199178814888,4.099334716796875,0.5440986156463623,0.9872564673423767,0.9418163895606995,1.8237553834915161,2.0600881576538086,1.2355363368988037,1.1298154592514038,0.0,0.898783266544342,0.4275989532470703,0.5016611218452454,0.8958492875099182,0.942349374294281,2.8112733364105225,1.8489155769348145,1.8489155769348145,0.200164332985878
0.9936365485191345,0.26030588150024414,0.12560559809207916,0.6570261120796204,0.6570261120796204,2.4524450302124023,2.4524450302124023,0.8683661818504333,0.8683661818504333,4.746886730194092,2.8974270820617676,1.3948776721954346,0.9418163895606995,0.20476792752742767,0.47786760330200195,0.6583779454231262,0.9730740189552307,0.01793992519378662,1.107903242111206,0.5662463903427124,0.2557576894760132,0.0,0.1583884209394455,3.2991344928741455,1.3219149112701416,0.5047659873962402,0.3149256110191345
0.7842124700546265,0.058502018451690674,0.0,0.6570261120796204,0.8309788107872009,0.942269504070282,0.942269504070282,0.7043012380599976,0.4574877619743347,4.061349391937256,3.143341064453125,0.8970740437507629,0.0,0.20912809669971466,0.31737399101257324,0.4946095943450928,0.4946095943450928,2.282569408416748,2.282569408416748,0.8024943470954895,0.15084479749202728,0.023680895566940308,0.023680895566940308,2.254189968109131,1.2662580013275146,0.8999776244163513,0.23595024645328522
0.03826506435871124,0.6280901432037354,2.195408582687378,0.7496411204338074,0.25658178329467773,0.829830527305603,0.8297337889671326,0.8297337889671326,0.33621811866760254,1.6288992166519165,2.1345551013946533,1.0502148866653442,0.0,0.15286685526371002,0.18300770223140717,1.1412476301193237,0.9282243847846985,4.279047966003418,4.279047966003418,0.8024943470954895,0.5983511209487915,0.5983511209487915,0.023680895566940308,0.5898103713989258,1.1111128330230713,1.8752975463867188,0.23482681810855865
1.4134535789489746,0.6280901432037354,2.195408582687378,1.457850456237793,1.3942958116531372,1.3942958116531372,1.0076947212219238,0.8297337889671326,1.5004901885986328,1.7446085214614868,1.0502148866653442,1.0502148866653442,0.0,0.0,1.3458809852600098,2.0891616344451904,1.475805640220642,3.2612504959106445,3.2612504959106445,0.2642506957054138,0.606934130191803,0.620056688785553,0.0,0.5898103713989258,1.423035740852356,1.8752975463867188,0.18426324427127838
1.4134535789489746,1.0332616567611694,1.457850456237793,1.457850456237793,1.9028369188308716,1.9028369188308716,1.4516220092773438,0.18694327771663666,1.5004901885986328,1.7446085214614868,1.388574242591858,0.039382725954055786,0.9660840630531311,0.14132364094257355,1.7969450950622559,2.0891616344451904,1.240750789642334,1.240750789642334,0.3543274402618408,0.2642506957054138,0.0,0.5459003448486328,0.5459003448486328,0.04952287673950195,1.3717814683914185,1.702204942703247,1.5857356786727905

Channel 5
4.965817451477051,1.7721941471099854,1.227921962738037,0.4605858325958252,3.559964179992676,2.981245279312134,2.587580919265747,1.2792631387710571,9.045287132263184,5.959440231323242,5.872577667236328,5.81511116027832,0.0,8.101655006408691,8.101655006408691,5.2440643310546875,7.847836494445801,7.847836494445801,6.337264060974121,3.3662452697753906,6.25314998626709,3.5303261280059814,4.1750946044921875,1.0283154249191284,4.337716102600098,3.3919031620025635,0.3183457553386688
4.698951721191406,1.227921962738037,1.227921962738037,2.1064929962158203,2.7195215225219727,1.5333349704742432,4.448923110961914,1.2792631387710571,7.0618486404418945,5.959440231323242,5.645485877990723,9.441948890686035,9.441948890686035,7.567915916442871,7.258453369140625,7.258453369140625,5.542946815490723,6.337264060974121,6.337264060974121,2.9667630195617676,7.598424911499023,3.597533941268921,2.001276969909668,2.001276969909668,4.337716102600098,3.157493829727173,0.0
3.0237951278686523,1.7606276273727417,1.1220117807388306,2.1064929962158203,4.075807571411133,2.9867005348205566,4.906767845153809,3.027122735977173,2.3444104194641113,2.4884719848632812,2.4884719848632812,9.521119117736816,9.521119117736816,0.0,8.80329704284668,8.80329704284668,5.744762420654297,4.641324043273926,4.595155715942383,4.1791791915893555,8.094015121459961,2.8270015716552734,3.218155860900879,4.030749320983887,4.054526329040527,0.5653200745582581,0.1078970804810524
3.782069206237793,1.7351372241973877,3.567246675491333,3.567246675491333,3.1838767528533936,2.6783447265625,3.52878475189209,3.52878475189209,2.8813700675964355,2.8813700675964355,5.460728645324707,4.285335540771484,5.287713050842285,3.915501594543457,7.498530387878418,7.498530387878418,4.684944152832031,4.398830413818359,7.399497985839844,7.399497985839844,8.704172134399414,7.600215911865234,4.963850975036621,4.190054893493652,4.190054893493652,0.4204767048358917,0.4204767048358917
4.093846321105957,0.0,5.874873161315918,5.874873161315918,2.2111237049102783,3.574575662612915,3.574575662612915,2.8746743202209473,5.4087371826171875,3.898298978805542,5.460728645324707,2.569352388381958,5.287713050842285,3.915501594543457,8.633703231811523,3.3408966064453125,6.818556785583496,6.818556785583496,7.399497985839844,7.399497985839844,7.600215911865234,7.600215911865234,3.9142394065856934,3.975229263305664,3.3079442977905273,3.1177167892456055,0.4204767048358917
3.96712064743042,1.850627064704895,5.874873161315918,5.874873161315918,0.5150692462921143,6.852746963500977,6.852746963500977,0.0,6.41070556640625,6.41070556640625,5.895199775695801,5.895199775695801,7.80709171295166,5.985559463500977,8.684828758239746,8.684828758239746,2.474637269973755,7.609299659729004,7.609299659729004,0.6810353994369507,10.052735328674316,5.185091972351074,3.9142394065856934,6.8770647048950195,8.952913284301758,8.952913284301758,2.328031301498413
2.7221527099609375,1.850627064704895,4.530851364135742,4.530851364135742,0.16092254221439362,5.611272811889648,5.611272811889648,0.0,6.696854591369629,6.696854591369629,5.895199775695801,5.895199775695801,5.985559463500977,5.985559463500977,8.684828758239746,8.684828758239746,0.23361386358737946,6.974724769592285,6.974724769592285,1.430464744567871,10.052735328674316,5.185091972351074,3.714219093322754,11.055669784545898,8.952913284301758,8.952913284301758,4.4390058517456055
3.5408267974853516,5.204482078552246,3.3614301681518555,3.8433046340942383,3.8433046340942383,3.914806842803955,2.832888126373291,2.832888126373291,3.359116554260254,9.005358695983887,4.314837455749512,1.2086106538772583,6.135178565979004,1.9064059257507324,2.8449063301086426,2.8449063301086426,0.0,0.0,11.348785400390625,11.348785400390625,1.008972406387329,7.2265625,7.2265625,7.439892768859863,2.9022092819213867,6.8752946853637695,6.8752946853637695
3.301330327987671,5.204482078552246,3.2390384674072266,3.8433046340942383,3.8433046340942383,3.914806842803955,6.468859672546387,6.468859672546387,0.0,9.005358695983887,4.314837455749512,1.1135677099227905,6.135178565979004,3.0044331550598145,9.491154670715332,4.574714660644531,0.0,2.3275504112243652,11.348785400390625,11.348785400390625,1.2533810138702393,7.2265625,7.2265625,4.7464752197265625,0.03638305142521858,13.778816223144531,13.778816223144531
1.7854297161102295,3.2390384674072266,3.2390384674072266,0.0,6.374131202697754,6.374131202697754,5.4155731201171875,5.4155731201171875,0.0,1.2789946794509888,7.811323165893555,7.811323165893555,2.2149388790130615,2.421325206756592,9.491154670715332,4.574714660644531,1.071001648902893,4.598128318786621,8.174790382385254,8.174790382385254,6.085336685180664,6.085336685180664,11.347957611083984,11.347957611083984,8.995330810546875,13.778816223144531,13.778816223144531
3.1708531379699707,3.1708531379699707,0.9632006883621216,1.1470272541046143,6.374131202697754,7.471000671386719,7.471000671386719,8.556307792663574,8.556307792663574,0.27771660685539246,7.811323165893555,7.811323165893555,2.2149388790130615,1.03953218460083,0.6646435260772705,6.668950080871582,6.668950080871582,2.5367238521575928,2.6589274406433105,0.5908722877502441,4.301723480224609,4.713539123535156,11.347957611083984,11.347957611083984,8.995330810546875,8.040947914123535,8.840471267700195
2.9402780532836914,3.91389799118042,2.6885435581207275,2.9660723209381104,1.5454500913619995,7.471000671386719,7.471000671386719,8.56783676147461,8.56783676147461,0.2909737825393677,0.548832356929779,2.051832914352417,2.051832914352417,1.03953218460083,1.9638406038284302,6.793554306030273,6.793554306030273,1.568517804145813,0.32108980417251587,4.009390830993652,4.009390830993652,6.002889633178711,6.002889633178711,1.8836427927017212,1.2586467266082764,11.05055046081543,11.05055046081543
5.307910919189453,5.307910919189453,3.001857280731201,7.310219764709473,2.007822036743164,3.7521770000457764,3.7521770000457764,3.7828924655914307,3.7828924655914307,0.0,1.7500640153884888,2.1811609268188477,2.1811609268188477,1.3843337297439575,1.9638406038284302,3.765418291091919,3.487422466278076,8.215553283691406,3.6110968589782715,6.81558895111084,6.81558895111084,2.216435194015503,2.216435194015503,1.4503682851791382,1.4503682851791382,11.701563835144043,11.701563835144043
5.307910919189453,5.742025375366211,5.421226501464844,7.136477470397949,0.1848355084657669,6.081958770751953,6.081958770751953,4.156584739685059,0.0,0.30183500051498413,2.671135187149048,2.671135187149048,4.778450012207031,3.376706600189209,4.209532737731934,6.651470184326172,2.5743613243103027,9.887405395507812,5.32159423828125,5.32159423828125,5.186392784118652,2.216435194015503,6.822423934936523,4.4794464111328125,6.763167381286621,11.60245418548584,11.60245418548584
1.3900963068008423,5.832121849060059,5.832121849060059,9.30594539642334,9.30594539642334,3.7801787853240967,3.7801787853240967,2.3882715702056885,12.740675926208496,12.740675926208496,2.671135187149048,2.671135187149048,7.071793556213379,7.071793556213379,4.209532737731934,6.651470184326172,4.598702430725098,5.920156478881836,5.32159423828125,5.32159423828125,9.430362701416016,9.430362701416016,6.822423934936523,4.4794464111328125,9.641441345214844,10.926484107971191,5.030962944030762
2.3255534172058105,4.95253849029541,5.867844581604004,9.30594539642334,9.30594539642334,3.866037130355835,9.395747184753418,2.771867513656616,12.740675926208496,12.740675926208496,0.6317655444145203,0.0,5.707650184631348,5.707650184631348,3.415992498397827,6.021564483642578,6.021564483642578,4.230621337890625,5.823037147521973,5.823037147521973,7.403837203979492,6.400629043579102,4.519966125488281,5.158529281616211,11.64018440246582,9.649230003356934,3.8416364192962646
1.915686011314392,1.8648306131362915,5.867844581604004,5.867844581604004,5.63730525970459,3.9703564643859863,9.395747184753418,8.819035530090332,3.2607779502868652,3.2607779502868652,10.091691017150879,10.091691017150879,2.0928544998168945,6.145502090454102,3.577543020248413,7.730525016784668,7.730525016784668,2.7167701721191406,3.5891895294189453,3.5891895294189453,1.1133124828338623,0.08263929188251495,6.52677059173584,8.186822891235352,10.668444633483887,2.5840868949890137,1.004634141921997
1.5076228380203247,1.9856449365615845,1.9856449365615845,5.63730525970459,5.63730525970459,4.972897529602051,4.972897529602051,8.819035530090332,5.005431175231934,5.005431175231934,10.091691017150879,10.091691017150879,5.439504623413086,6.145502090454102,3.165435791015625,3.3461754322052,4.724305152893066,2.7167701721191406,2.7167701721191406,2.174654006958008,6.670134544372559,5.175539970397949,8.963484764099121,8.186822891235352,4.939299583435059,0.4527952969074249,2.563875436782837
0.0,1.9856449365615845,3.760185956954956,3.760185956954956,1.9661742448806763,4.8058929443359375,4.8058929443359375,6.308087348937988,4.8341827392578125,4.8341827392578125,4.730877876281738,5.252453804016113,5.439504623413086,2.9610581398010254,1.9002511501312256,1.4799751043319702,2.501002788543701,1.7245514392852783,11.04923152923584,7.770023345947266,6.867926597595215,3.8735849857330322,6.389862060546875,4.485405921936035,6.710677146911621,3.1036953926086426,2.563875436782837
3.800858736038208,0.0,5.996535301208496,2.9077091217041016,2.1072592735290527,5.047354698181152,5.047354698181152,5.255342483520508,1.7129082679748535,7.461589813232422,7.461589813232422,2.5300235748291016,2.5300235748291016,7.513849258422852,7.513849258422852,1.9232302904129028,8.572366714477539,8.572366714477539,11.04923152923584,7.770023345947266,3.8882524967193604,0.0,2.7939453125,2.7939453125,6.710677146911621,4.873781204223633,2.1901473999023438
3.800858736038208,2.111567497253418,3.8665826320648193,2.9077091217041016,4.073398590087891,4.073398590087891,6.095582962036133,1.013980746269226,0.0,7.461589813232422,7.461589813232422,2.5300235748291016,2.5300235748291016,8.84214973449707,8.84214973449707,1.9232302904129028,12.522713661193848,12.522713661193848,3.315955400466919,2.5901925563812256,0.0,0.0,6.267280578613281,6.267280578613281,4.015336990356445,4.718618392944336,3.494206428527832
4.710686683654785,2.111567497253418,1.374542236328125,0.0,5.299521446228027,5.299521446228027,6.869029998779297,2.627629518508911,0.0,3.025113344192505,5.372106552124023,1.0269156694412231,1.524629831314087,6.42533016204834,6.42533016204834,1.8263506889343262,11.888274192810059,11.888274192810059,9.10348892211914,2.0720269680023193,1.592423677444458,0.0,3.6736457347869873,3.6736457347869873,3.3094122409820557,4.718618392944336,3.494206428527832
4.710686683654785,1.374542236328125,1.374542236328125,0.4207286834716797,3.33274245262146,3.33274245262146,6.869029998779297,4.902588844299316,0.0,4.9969635009765625,3.819793462753296,1.9478987455368042,1.1234129667282104,0.7148266434669495,0.7148266434669495,1.172937273979187,4.285367012023926,9.10348892211914,12.065776824951172,12.065776824951172,1.592423677444458,1.010611891746521,0.11041674762964249,3.983525514602661,3.983525514602661,1.3462328910827637,1.3513939380645752
1.0677001476287842,0.8134017586708069,0.7271517515182495,0.43426644802093506,0.782382071018219,0.8749576210975647,4.627857208251953,4.627857208251953,0.0,5.002058982849121,5.002058982849121,1.2080326080322266,0.2132907211780548,0.7148266434669495,0.7148266434669495,3.79368257522583,3.79368257522583,4.546604156494141,12.549471855163574,12.065776824951172,1.2797541618347168,1.010611891746521,0.9828243851661682,3.6744792461395264,3.6744792461395264,0.4312281310558319,3.0125889778137207
0.13175371289253235,0.13175371289253235,0.8711022138595581,0.8711022138595581,0.407520055770874,0.8581168055534363,1.1238620281219482,1.5582396984100342,1.5399531126022339,1.5399531126022339,3.905466318130493,1.1910932064056396,0.2577386796474457,1.1384713649749756,1.0331884622573853,7.141293525695801,7.141293525695801,9.911463737487793,13.8345308303833,11.264200210571289,1.3896105289459229,1.470608115196228,1.470608115196228,0.8856143951416016,1.6582313776016235,1.6582313776016235,3.0125889778137207
0.9570751190185547,0.8219660520553589,1.5828622579574585,1.8799010515213013,0.6625391244888306,1.187968134880066,0.7943477034568787,0.8778248429298401,3.197892904281616,3.197892904281616,5.751507759094238,5.751507759094238,1.5107660293579102,1.442343831062317,1.6151485443115234,7.141293525695801,7.141293525695801,10.017297744750977,12.74899959564209,6.8168487548828125,1.307708740234375,1.470608115196228,1.470608115196228,0.49088287353515625,2.3143835067749023,2.3143835067749023,0.7526829242706299
1.671651840209961,1.671651840209961,0.9586020708084106,1.8799010515213013,1.376403570175171,1.2472072839736938,0.7315624356269836,0.6650863885879517,4.970054626464844,5.19249153137207,4.310137748718262,4.310137748718262,1.5241070985794067,0.25595515966415405,4.137825012207031,6.761300086975098,5.013021469116211,7.041280746459961,5.089765548706055,2.795783758163452,1.0644558668136597,1.0644558668136597,0.44600266218185425,0.44600266218185425,1.9088127613067627,5.098577499389648,5.098577499389648

Channel 6
4.421332836151123,2.707785129547119,1.4172780513763428,3.9868485927581787,3.9868485927581787,4.37504768371582,3.9583065509796143,4.521241664886475,4.521241664886475,8.642631530761719,8.642631530761719,6.943920612335205,6.943920612335205,5.388580322265625,6.881042003631592,5.934145927429199,9.819646835327148,9.819646835327148,3.732248306274414,5.052028179168701,5.052028179168701,2.003355026245117,5.006502628326416,3.95110821723938,4.51951265335083,4.51951265335083,3.9799458980560303
1.9530597925186157,2.707785129547119,3.8326618671417236,3.8326618671417236,3.1245479583740234,7.068840026855469,7.068840026855469,3.9583065509796143,5.307514667510986,5.1870245933532715,9.612075805664062,9.612075805664062,3.5955564975738525,11.345738410949707,4.411496162414551,11.676793098449707,9.819646835327148,9.819646835327148,4.790049076080322,3.732248306274414,5.087924003601074,3.2587759494781494,3.2587759494781494,3.7431390285491943,4.788575172424316,4.51951265335083,1.1677656173706055
1.9530597925186157,1.3605467081069946,3.8326618671417236,5.149049282073975,5.149049282073975,7.068840026855469,8.546236991882324,3.5522618293762207,5.307514667510986,5.1870245933532715,8.460654258728027,9.88113784790039,9.88113784790039,3.5955564975738525,6.185802936553955,3.172360420227051,4.030528545379639,7.181100845336914,7.181100845336914,2.779277801513672,2.464247465133667,5.674533843994141,3.2587759494781494,3.222592353820801,2.6664915084838867,1.192163348197937,1.0764185190200806
1.0378293991088867,2.3860116004943848,2.8928287029266357,3.8429667949676514,3.1967852115631104,4.922126293182373,8.546236991882324,4.6664018630981445,3.3155429363250732,4.067841529846191,8.226082801818848,9.88113784790039,9.88113784790039,5.511878967285156,5.939789772033691,5.939789772033691,5.804279327392578,7.181100845336914,7.181100845336914,3.0641722679138184,3.8841428756713867,3.373748540878296,3.373748540878296,4.7209343910217285,4.147057056427002,3.2175025939941406,3.2175025939941406
3.704437494277954,2.6915438175201416,2.7168219089508057,3.8429667949676514,2.2124087810516357,4.393522262573242,4.6664018630981445,4.6664018630981445,3.809992790222168,3.157679557800293,8.226082801818848,8.226082801818848,6.172292709350586,5.511878967285156,6.596933364868164,5.326322078704834,8.623221397399902,8.623221397399902,5.610508918762207,5.610508918762207,3.8841428756713867,3.8143234252929688,3.450942039489746,6.233936786651611,6.233936786651611,3.2175025939941406,3.2175025939941406
1.3924291133880615,1.3924291133880615,8.403088569641113,3.620211362838745,4.316209316253662,5.102939128875732,5.102939128875732,7.303483486175537,8.623050689697266,4.07966947555542,4.07966947555542,4.616185188293457,4.77222204208374,6.306668281555176,6.596933364868164,3.9671413898468018,8.623221397399902,8.623221397399902,6.845717906951904,6.1398606300354,2.3532843589782715,4.469629764556885,5.416812419891357,4.81256628036499,4.81256628036499,3.676466226577759,1.2947285175323486
2.0627264976501465,4.014678955078125,8.403088569641113,6.70062255859375,0.6963246464729309,5.102939128875732,5.102939128875732,7.303483486175537,7.315707683563232,7.315707683563232,3.626307487487793,3.626307487487793,4.77222204208374,4.77222204208374,7.005163192749023,7.005163192749023,0.21344147622585297,6.845717906951904,6.845717906951904,1.6287161111831665,6.607104301452637,4.469629764556885,4.469629764556885,5.515056610107422,6.8245463371276855,6.8245463371276855,2.212376594543457
4.133175849914551,2.861217737197876,6.70062255859375,6.70062255859375,3.131395101547241,3.522104024887085,3.522104024887085,1.4441629648208618,4.817225933074951,1.7423381805419922,2.1373822689056396,5.0861992835998535,2.648399591445923,4.245290279388428,3.6530253887176514,3.2110753059387207,3.7876546382904053,5.334935188293457,5.334935188293457,0.8626679182052612,5.316821098327637,4.564863204956055,1.7219442129135132,5.515056610107422,6.282020092010498,4.3512468338012695,1.0699291229248047
3.5871689319610596,4.112311363220215,2.280040979385376,6.086798191070557,2.9315640926361084,3.9013028144836426,6.286820411682129,6.286820411682129,4.294742584228516,7.737180709838867,2.6639883518218994,2.47532057762146,4.434103488922119,4.434103488922119,3.2110753059387207,3.2110753059387207,5.260660171508789,2.887517213821411,8.415180206298828,8.415180206298828,5.316821098327637,4.791267395019531,5.390578269958496,4.418062210083008,6.282020092010498,2.9412989616394043,2.9412989616394043
3.5871689319610596,2.7581799030303955,1.6032930612564087,4.2638468742370605,6.222172260284424,6.222172260284424,6.286820411682129,6.286820411682129,3.040311336517334,3.4619059562683105,3.4619059562683105,3.1096882820129395,0.5859823822975159,2.0602660179138184,5.760603904724121,1.3823224306106567,1.3823224306106567,5.503871917724609,9.48275375366211,8.415180206298828,4.914483070373535,6.766878128051758,6.766878128051758,7.638128757476807,5.768669605255127,6.894708633422852,4.6402201652526855
2.3649816513061523,1.6032930612564087,1.6032930612564087,1.5213117599487305,6.222172260284424,6.222172260284424,4.750066757202148,4.750066757202148,0.5807271599769592,0.5807271599769592,7.681198596954346,7.681198596954346,0.8377460837364197,2.0602660179138184,3.317115068435669,3.317115068435669,0.0,5.503871917724609,5.503871917724609,0.4395562410354614,3.580422878265381,3.580422878265381,5.512963771820068,8.229456901550293,12.053755760192871,6.894708633422852,3.197450637817383
1.5849689245224,2.7942304611206055,2.7942304611206055,2.2635815143585205,4.0592875480651855,6.878015041351318,6.878015041351318,7.864120006561279,7.864120006561279,2.240645170211792,3.119807481765747,3.119807481765747,4.39700984954834,1.1797653436660767,3.317115068435669,3.317115068435669,3.230672597885132,0.15280596911907196,4.616639137268066,4.616639137268066,2.7042829990386963,6.17003870010376,6.17003870010376,8.229456901550293,8.229456901550293,5.762864112854004,2.2424912452697754
2.85282564163208,3.6829614639282227,4.9128642082214355,8.142239570617676,8.228856086730957,5.397504806518555,3.8985917568206787,7.864120006561279,7.864120006561279,2.695653200149536,2.6077849864959717,1.940797209739685,4.39700984954834,2.3412973880767822,3.5273642539978027,4.212022304534912,5.956135272979736,1.2117034196853638,4.616639137268066,6.6218767166137695,7.490950584411621,7.490950584411621,5.673018932342529,4.914524078369141,10.443349838256836,5.762864112854004,5.339799880981445
4.761345863342285,4.761345863342285,4.44489860534668,8.142239570617676,8.228856086730957,6.370165824890137,6.375359058380127,6.375359058380127,5.531212329864502,1.3033570051193237,2.6077849864959717,8.899297714233398,6.485011577606201,5.447519779205322,5.447519779205322,4.212022304534912,5.956135272979736,5.150010108947754,5.150010108947754,7.041193962097168,7.041193962097168,10.723076820373535,8.112260818481445,9.833576202392578,4.228804588317871,5.339799880981445,5.339799880981445
4.761345863342285,5.77122688293457,8.41502571105957,8.41502571105957,2.6641786098480225,4.996056079864502,6.375359058380127,6.4864373207092285,5.531212329864502,5.730565071105957,3.887495279312134,8.899297714233398,2.7551896572113037,2.7551896572113037,4.819854736328125,4.819854736328125,5.881956577301025,5.150010108947754,6.053290843963623,9.295960426330566,7.975198745727539,10.723076820373535,10.46090030670166,7.055723190307617,3.190739154815674,5.998789310455322,2.14599347114563
2.7458789348602295,5.77122688293457,5.77122688293457,9.759111404418945,9.759111404418945,2.588493824005127,1.833081841468811,1.833081841468811,7.240162372589111,7.240162372589111,1.979319453239441,1.0187352895736694,2.7551896572113037,5.947859764099121,7.789515972137451,7.789515972137451,5.881956577301025,12.950051307678223,12.950051307678223,10.402129173278809,9.188806533813477,7.975198745727539,4.369372844696045,4.730897903442383,9.720294952392578,9.2682523727417,4.797168731689453
4.964810848236084,9.689778327941895,9.689778327941895,4.745355129241943,5.5128936767578125,4.634575843811035,11.89709758758545,1.7789270877838135,4.005308628082275,6.183690547943115,6.183690547943115,4.175784111022949,6.698877811431885,5.947859764099121,7.789515972137451,10.585726737976074,10.585726737976074,9.778605461120605,10.402129173278809,10.402129173278809,10.840113639831543,10.840113639831543,4.309783458709717,7.238014221191406,9.720294952392578,1.7536903619766235,1.1164791584014893
5.774927616119385,12.055031776428223,12.055031776428223,5.541042804718018,5.541042804718018,4.634575843811035,2.8298957347869873,9.972358703613281,9.972358703613281,5.527440547943115,12.146223068237305,12.146223068237305,7.195455551147461,7.696408748626709,4.435685157775879,10.585726737976074,10.585726737976074,9.778605461120605,9.778605461120605,5.277792453765869,10.455859184265137,9.099504470825195,9.077155113220215,4.56284761428833,2.4526174068450928,1.2557045221328735,4.685356616973877
3.1480672359466553,12.055031776428223,12.055031776428223,6.261270046234131,4.2004780769348145,4.2004780769348145,4.698985576629639,6.009690761566162,6.009690761566162,5.527440547943115,6.554823398590088,7.938857078552246,7.938857078552246,6.876064300537109,4.176013469696045,8.43332576751709,8.43332576751709,3.456420421600342,4.369666576385498,4.369666576385498,5.644711971282959,9.077155113220215,9.077155113220215,1.209708571434021,2.1721673011779785,2.1721673011779785,4.685356616973877
1.673984169960022,2.785919427871704,3.6546735763549805,4.095088481903076,2.372546434402466,4.227540493011475,2.6658458709716797,8.048707008361816,8.688716888427734,8.688716888427734,7.089332580566406,6.554823398590088,4.674628734588623,0.8882327675819397,8.751273155212402,8.751273155212402,2.790109634399414,2.9454505443573,10.48044490814209,4.369666576385498,5.787412166595459,5.787412166595459,1.1202441453933716,1.1202441453933716,1.0160167217254639,0.4871513247489929,2.3350424766540527
2.0596120357513428,0.771135151386261,3.6546735763549805,4.652708053588867,1.986176609992981,4.227540493011475,1.804162621498108,3.1540780067443848,8.688716888427734,8.688716888427734,5.8093719482421875,5.8093719482421875,2.902949571609497,5.7378249168396,8.751273155212402,8.751273155212402,4.719313621520996,2.9454505443573,2.9454505443573,1.2743332386016846,2.028316020965576,0.0,9.248113632202148,9.248113632202148,1.9206621646881104,0.9027628302574158,2.3350424766540527
4.217634201049805,4.217634201049805,8.034919738769531,8.034919738769531,3.1920673847198486,3.6282615661621094,1.5954867601394653,3.0211069583892822,7.690143585205078,1.1890668869018555,3.469508409500122,1.8262939453125,4.866886615753174,5.011118412017822,5.011118412017822,4.920327663421631,1.881608247756958,2.4079408645629883,0.2725988030433655,0.6112552881240845,1.0139516592025757,1.161974549293518,9.248113632202148,9.248113632202148,4.814873218536377,5.565891742706299,1.8195832967758179
4.857770919799805,4.217634201049805,5.367009162902832,0.6109090447425842,1.0315970182418823,1.59394371509552,1.59394371509552,7.378408908843994,7.378408908843994,0.9369093775749207,2.1087775230407715,3.672504186630249,4.866886615753174,4.866886615753174,1.1282026767730713,1.1282026767730713,2.8910574913024902,2.8910574913024902,2.5714595317840576,2.0436134338378906,1.6314200162887573,2.724738359451294,2.724738359451294,1.9359575510025024,4.814873218536377,4.814873218536377,2.4824278354644775
2.313922166824341,1.4112377166748047,0.7866529226303101,0.6326781511306763,0.4746326208114624,0.825715184211731,0.9609696269035339,1.8416948318481445,1.6442463397979736,3.5957353115081787,3.5957353115081787,1.2515437602996826,0.0,0.9066731929779053,0.9066731929779053,0.5981130599975586,2.687896966934204,2.687896966934204,5.632026195526123,5.632026195526123,1.6550318002700806,1.6550318002700806,1.119001865386963,2.266524076461792,2.4250402450561523,2.4824278354644775,3.8031773567199707
2.313922166824341,0.5878838300704956,0.9912951588630676,0.9912951588630676,0.640604555606842,0.640604555606842,0.24530906975269318,0.9294745326042175,0.9049858450889587,4.262791633605957,3.5957353115081787,1.2515437602996826,0.2288399189710617,0.28238987922668457,0.7646453380584717,7.688618183135986,7.688618183135986,3.667503595352173,3.6095635890960693,3.444983959197998,1.6483365297317505,0.38383644819259644,0.6055868268013,1.5573415756225586,1.5573415756225586,3.367392063140869,3.8031773567199707
1.2223098278045654,1.6182119846343994,0.9912951588630676,0.9912951588630676,0.4512263536453247,0.49202144145965576,0.49202144145965576,1.1509873867034912,3.9477670192718506,3.9477670192718506,6.127511024475098,6.127511024475098,2.9217512607574463,2.9217512607574463,2.3109052181243896,7.688618183135986,7.688618183135986,11.28134822845459,11.28134822845459,3.444983959197998,1.6483365297317505,0.9704905152320862,1.4901530742645264,3.771286964416504,3.9662630558013916,3.9662630558013916,1.554444670677185
1.2223098278045654,2.849269390106201,2.849269390106201,0.478656530380249,0.5139065384864807,0.5139065384864807,0.9791355729103088,1.1509873867034912,1.7044506072998047,2.6447486877441406,6.127511024475098,6.127511024475098,4.489914894104004,2.9217512607574463,6.219903945922852,6.377884387969971,9.341914176940918,11.28134822845459,11.28134822845459,2.377866744995117,3.417210578918457,3.3087105751037598,2.2869315147399902,2.249422550201416,2.1693530082702637,2.1693530082702637,1.2981666326522827

Channel 7
1.3495986461639404,0.5023818016052246,0.0,0.8050038814544678,0.8616130352020264,1.2384657859802246,1.2384657859802246,0.9181356430053711,0.0,0.0,0.19923663139343262,0.19923663139343262,0.26561594009399414,0.0,1.8407671451568604,1.8407671451568604,0.44316184520721436,0.0,1.2087314128875732,1.7898497581481934,1.511383295059204,0.0,2.586120128631592,2.586120128631592,0.0,0.0,0.0
0.3563956022262573,0.12226653099060059,1.2649779319763184,1.2649779319763184,0.8616130352020264,2.3910880088806152,1.2384657859802246,0.0,0.0,1.4030556678771973,2.7846570014953613,2.7846570014953613,0.0,0.0,1.744133710861206,0.09259903430938721,1.7351007461547852,1.7351007461547852,0.0,0.17771124839782715,0.17771124839782715,0.0,1.288985252380371,0.2336256504058838,0.5920093059539795,0.5920093059539795,0.0
0.7184150218963623,1.5200636386871338,3.1133785247802734,3.5974416732788086,3.5974416732788086,0.11423516273498535,0.0,0.0,0.0,1.4030556678771973,2.7846570014953613,2.7846570014953613,0.0,0.0,0.0,0.0,0.0,0.0,0.0,1.1299943923950195,0.0,0.0,1.288985252380371,0.9635190963745117,0.9635190963745117,0.07643890380859375,0.0
0.7294838428497314,3.101560592651367,3.101560592651367,3.5974416732788086,3.5974416732788086,0.0,0.0,0.0,0.0,0.0,0.0,0.0,0.0,0.9768102169036865,0.9768102169036865,0.0,0.0,0.0,0.0,0.0,0.0,0.0,0.9807660579681396,0.9635190963745117,0.9635190963745117,0.07643890380859375,0.46496737003326416
1.0005149841308594,3.2962417602539062,3.2962417602539062,0.21206974983215332,0.21206974983215332,0.0,0.0,0.0,0.0,0.0,0.0,0.0,0.0,0.9768102169036865,0.9768102169036865,0.0,0.0,0.0,0.0,0.0,0.0,0.0,0.0,0.0,0.7945230007171631,0.0,0.46496737003326416
2.8799872398376465,1.9902455806732178,1.9902455806732178,0.0,0.0,0.0,0.0,0.0,0.0,0.0,0.0,0.0,0.0,0.0,0.0,0.0,0.0,1.0816624164581299,0.0,0.0,0.0,0.0,0.0,0.0,0.0,0.0,0.0
1.9439539909362793,1.9439539909362793,1.5592610836029053,0.0,0.0,0.0,0.0,0.0,0.0,0.0,0.0,0.0,0.0,0.0,0.0,0.0,0.0,0.0,0.0,0.0,0.0,0.0,0.0,0.0,0.0,0.0,0.0
2.143498420715332,2.143498420715332,0.09817814826965332,0.09817814826965332,0.0,0.0,0.0,0.0,0.0,0.0,0.0,0.0,0.0,0.0,0.0,0.0,0.0,0.0,0.0,0.0,0.0,0.0,0.0,0.0,0.5880520343780518,3.7486257553100586,2.2176244258880615
1.5806422233581543,1.5806422233581543,0.09817814826965332,0.09817814826965332,0.0,0.0,0.0,0.0,0.0,0.0,0.0,0.0,0.0,0.0,0.0,0.0,0.0,0.6352975368499756,0.6352975368499756,0.0,0.0,0.0,0.0,0.0,1.9570393562316895,3.7486257553100586,2.2176244258880615
1.8328027725219727,1.5806422233581543,0.0,0.0,0.0,0.0,0.0,0.0,0.0,0.0,0.0,0.0,0.0,0.0,0.0,0.0,0.0,0.6352975368499756,0.6352975368499756,0.0,0.0,0.0,1.0571160316467285,0.18427133560180664,0.515573263168335,0.0,1.4882447719573975
2.0050578117370605,1.9818034172058105,0.0,0.0,0.0,0.0,0.0,0.0,0.0,0.0,0.0,0.0,0.0,0.0,0.0,0.0,0.0,0.0,0.0,0.0,0.0,0.0,0.0,0.18427133560180664,0.0,0.0,1.3354511260986328
0.0,0.0,0.0,0.0,0.0,0.0,0.0,0.0,0.0,0.0,0.0,0.0,0.0,0.0,0.0,0.0,0.0,0.0,0.0,0.0,0.0,0.0,0.0,0.0,0.0,0.0,2.4050180912017822
2.386406183242798,0.2351987361907959,0.0,0.0,0.0,0.0,0.0,0.0,0.0,0.0,0.0,0.0,0.0,0.0,0.0,0.0,0.0,0.0,0.0,0.0,0.0,0.0,0.0,0.0,1.0225369930267334,0.0,0.5776939392089844
1.1812031269073486,1.3870224952697754,0.0,0.0,0.0,0.0,0.0,0.0,0.0,0.0,0.0,0.0,0.0,0.0,0.0,0.0,0.0,0.0,0.0,0.0,0.0,1.9425809383392334,1.9425809383392334,0.0,2.3311872482299805,0.0,0.0
2.872817039489746,2.872817039489746,1.4886984825134277,1.4886984825134277,0.0,0.0,0.0,0.0,0.09353554248809814,0.0,0.0,0.0,0.0,0.0,0.0,0.0,0.0,0.0,0.0,0.0,0.0,0.0,0.0,0.41276097297668457,0.41276097297668457,0.19516980648040771,0.19516980648040771
2.872817039489746,2.872817039489746,1.4886984825134277,1.4886984825134277,0.0,0.9072830677032471,0.0,0.0,0.09353554248809814,0.0,0.0,0.0,0.0,0.0,0.0,0.0,0.0,0.0,0.0,0.0,0.0,0.24174034595489502,0.0,0.41276097297668457,0.41276097297668457,0.47229528427124023,0.47229528427124023
1.380622386932373,3.8848648071289062,3.8848648071289062,1.8280141353607178,2.3329508304595947,0.9072830677032471,0.0,0.0,0.0,0.0,0.0,0.0,0.0,0.0,0.0,0.0,0.0,0.0,0.0,0.0,0.0,0.0,0.0,0.5034596920013428,0.0,0.5763989686965942,0.5248291492462158
1.8697481155395508,3.8848648071289062,3.8848648071289062,1.0194449424743652,0.0173262357711792,0.0,0.0,0.0,0.0,0.0,0.0,0.0,0.0,0.094978928565979,0.094978928565979,0.0,0.0,0.0,0.0,0.0,0.0,0.0,0.0,0.0,1.4810469150543213,0.5763989686965942,0.46524691581726074
1.7005505561828613,1.7005505561828613,0.3342238664627075,0.09815573692321777,0.0,0.021612882614135742,0.021612882614135742,0.0,0.0,0.0,0.0,0.0,0.0,0.0,0.0,1.2996060848236084,1.2996060848236084,0.0,0.0,0.0,0.0,0.1819673776626587,0.8064980506896973,0.8064980506896973,1.6151883602142334,1.6151883602142334,2.6923794746398926
0.2918905019760132,0.0,0.0,0.3199727535247803,0.9137840270996094,0.8352739810943604,0.0,0.0,0.0,0.0,0.0,0.0,0.0,0.0,0.2922670841217041,3.3140645027160645,0.0,0.0,0.0,0.0,0.15319347381591797,2.357722282409668,2.357722282409668,0.0,1.6151883602142334,1.6151883602142334,0.0
0.014589428901672363,0.641575813293457,0.14784610271453857,2.849295139312744,0.9137840270996094,0.1749933958053589,0.8055374622344971,0.0,5.766205310821533,5.766205310821533,5.449995517730713,5.449995517730713,2.6492257118225098,1.819974660873413,3.8375000953674316,3.3140645027160645,0.30673015117645264,3.5415730476379395,0.5410306453704834,0.5858266353607178,0.15319347381591797,0.5385127067565918,0.0,0.6187698841094971,0.654857873916626,0.654857873916626,0.028148174285888672
0.0,0.641575813293457,1.4925551414489746,3.2681398391723633,0.81886887550354,4.164845943450928,1.3683154582977295,1.3683154582977295,6.601372718811035,1.280325174331665,5.449995517730713,5.449995517730713,2.388068199157715,1.1078858375549316,3.8375000953674316,0.06532955169677734,0.0,4.462430477142334,3.1271424293518066,0.5410306453704834,0.0,0.0,0.0,0.6187698841094971,0.6187698841094971,0.4867556095123291,1.551285982131958
2.5064542293548584,1.3764777183532715,1.7229695320129395,0.6571800708770752,0.0,0.40903031826019287,1.3683154582977295,1.3683154582977295,6.601372718811035,0.004165053367614746,1.1318750381469727,0.0,0.15845084190368652,0.1371161937713623,0.0,0.0,0.0,2.9987869262695312,3.1271424293518066,0.07422816753387451,0.0,0.0,0.0,0.0,0.0,0.1811368465423584,0.49749910831451416
2.5064542293548584,0.04333651065826416,0.3308757543563843,0.0,0.0,0.0,0.0,1.6256318092346191,1.3653459548950195,0.0,1.8158166408538818,0.0,0.0,0.0,0.0,0.0,0.0,0.11185312271118164,0.8902208805084229,0.661607027053833,0.661607027053833,0.201491117477417,0.0,0.0,0.0,0.0,0.0
1.404036283493042,0.0,0.16105413436889648,0.0,0.0,0.0,0.0,0.0,0.0,0.5403484106063843,0.8546943664550781,0.8546943664550781,0.0,0.0,0.0,0.0,0.47621965408325195,0.0,0.31275761127471924,0.31275761127471924,0.0,0.0,0.0,0.6011605262756348,0.6011605262756348,0.8627347946166992,1.6120588779449463
0.8215324878692627,0.596045970916748,0.0,0.0,0.0,0.0,0.0,0.0,0.378145694732666,1.1485698223114014,0.8546943664550781,0.8546943664550781,0.0,0.0,0.0,1.8730785846710205,1.8730785846710205,0.0,0.18317151069641113,0.18317151069641113,0.8122620582580566,0.0,0.0,3.524599075317383,3.2735681533813477,3.2735681533813477,1.295738935470581
0.0,0.596045970916748,0.0,0.0,0.0,0.0,0.0,0.0,0.378145694732666,1.2614786624908447,1.2614786624908447,0.8044736385345459,0.0,0.0,0.0,0.21036088466644287,3.5764365196228027,3.5764365196228027,3.0505824089050293,0.4002019166946411,0.40381062030792236,3.4206833839416504,3.4206833839416504,3.524599075317383,3.2735681533813477,3.2735681533813477,1.3918604850769043

Channel 8
2.107255220413208,2.444960832595825,2.444960832595825,2.085404872894287,2.085404872894287,1.8481080532073975,1.958655595779419,2.5542399883270264,2.5542399883270264,1.8354288339614868,1.8354288339614868,1.831357479095459,2.045569658279419,2.045569658279419,1.9221173524856567,1.9076457023620605,2.294825792312622,1.91631019115448,1.9875000715255737,2.1427595615386963,2.1427595615386963,1.6702269315719604,2.128922462463379,1.903678297996521,1.8124887943267822,1.6361380815505981,1.6361380815505981
1.8306902647018433,2.444960832595825,2.458340883255005,2.0859763622283936,2.090496301651001,1.8693088293075562,1.9212740659713745,1.975960373878479,1.975960373878479,1.8354288339614868,2.1674132347106934,1.831357479095459,2.0747265815734863,2.125267505645752,2.125267505645752,2.050631284713745,2.294825792312622,1.9864540100097656,1.8099502325057983,2.1427595615386963,2.1427595615386963,2.100461006164551,2.254753589630127,1.9630460739135742,2.0355288982391357,2.0355288982391357,1.968652606010437
1.9141030311584473,2.051354169845581,2.051354169845581,2.0859763622283936,2.090496301651001,1.7533847093582153,1.7533847093582153,1.7157132625579834,1.974961519241333,1.765751600265503,1.912083387374878,1.873057246208191,2.1040914058685303,2.1898128986358643,2.125267505645752,2.050631284713745,1.7960377931594849,1.9864540100097656,1.9679069519042969,2.0044620037078857,2.0044620037078857,1.789117455482483,1.9149070978164673,1.9630460739135742,2.3282077312469482,1.8431217670440674,1.570569396018982
1.9141030311584473,1.9141030311584473,1.9509961605072021,1.8283637762069702,2.0167698860168457,1.7406601905822754,1.761126160621643,1.771470546722412,1.974961519241333,1.8155527114868164,1.9210271835327148,2.0563931465148926,2.0563931465148926,2.1898128986358643,2.03155779838562,2.03155779838562,1.9534915685653687,2.062082290649414,1.9679069519042969,2.0578885078430176,2.117438554763794,1.9384300708770752,1.9295371770858765,1.8917354345321655,1.6807489395141602,1.7613955736160278,1.939660668373108
1.5985828638076782,1.5985828638076782,1.9509961605072021,1.8283637762069702,1.8536407947540283,1.755365252494812,1.8887975215911865,1.8537821769714355,1.7915022373199463,1.8600671291351318,1.9210271835327148,2.0646145343780518,2.0563931465148926,2.011909246444702,2.011909246444702,1.8443841934204102,2.119968891143799,2.0267693996429443,1.926804542541504,2.0578885078430176,1.9594470262527466,2.0805835723876953,1.969498872756958,1.8483755588531494,1.8163279294967651,1.6161432266235352,1.681572437286377
2.1288743019104004,2.319927215576172,1.8343418836593628,1.7421199083328247,1.8462791442871094,1.9029500484466553,1.8314341306686401,1.8772637844085693,1.8772637844085693,1.8385629653930664,1.908128261566162,2.05647611618042,2.05647611618042,2.113480567932129,2.0772125720977783,2.0772125720977783,2.119968891143799,2.074923515319824,2.074923515319824,1.9436180591583252,1.9436180591583252,2.0805835723876953,2.0120697021484375,1.9418271780014038,1.9311723709106445,1.687447428703308,1.687447428703308
2.1288743019104004,2.319927215576172,2.078906774520874,2.078906774520874,1.8614327907562256,1.9029500484466553,1.8410724401474,1.9427920579910278,2.0269887447357178,2.0269887447357178,1.9107306003570557,2.05647611618042,2.05647611618042,2.113480567932129,2.0772125720977783,2.0772125720977783,1.9330710172653198,2.074923515319824,2.074923515319824,2.0425634384155273,2.0206549167633057,1.93233060836792,2.239563465118408,1.9311723709106445,1.9311723709106445,1.830346941947937,1.6668328046798706
1.8116145133972168,1.9900081157684326,2.078906774520874,2.078906774520874,1.8614327907562256,1.8759005069732666,1.8491567373275757,1.9060062170028687,1.996551275253296,1.9572672843933105,1.9147557020187378,1.9628920555114746,2.022615909576416,2.022615909576416,1.9763846397399902,2.0770957469940186,2.0770957469940186,2.0344464778900146,2.026421070098877,2.0425634384155273,1.9783623218536377,1.9065674543380737,2.022634983062744,1.8791543245315552,1.7739497423171997,1.8793920278549194,1.8793920278549194
1.825438380241394,1.9900081157684326,1.8960098028182983,1.964245080947876,1.8078618049621582,1.8700659275054932,1.96176278591156,1.893838882446289,2.0683414936065674,2.0683414936065674,1.9196414947509766,2.0038928985595703,2.022615909576416,2.022615909576416,1.9763846397399902,2.0770957469940186,2.3718552589416504,2.3718552589416504,2.061209201812744,2.104642629623413,2.1144843101501465,2.0971591472625732,2.0971591472625732,1.943907380104065,2.552114725112915,2.552114725112915,1.7368061542510986
1.825438380241394,1.8960098028182983,1.8960098028182983,2.005953788757324,2.0267343521118164,1.9490090608596802,1.96176278591156,1.9700958728790283,2.0683414936065674,2.0683414936065674,1.9228733777999878,1.9198777675628662,2.0125975608825684,2.058351993560791,2.0248935222625732,2.054986000061035,2.3718552589416504,2.3718552589416504,2.105731964111328,2.105731964111328,2.1144843101501465,2.1565136909484863,2.0971591472625732,2.038205623626709,2.552114725112915,2.552114725112915,1.6521563529968262
2.172027349472046,2.172027349472046,1.8690969944000244,2.005953788757324,2.0267343521118164,1.976850986480713,2.04105544090271,1.9700958728790283,1.9700958728790283,1.9483152627944946,1.9609309434890747,1.9521507024765015,1.998682975769043,2.058351993560791,2.0165743827819824,1.9585800170898438,2.042987585067749,2.042987585067749,2.0352180004119873,2.060213565826416,2.101606845855713,2.1565136909484863,1.901045560836792,2.101968765258789,2.101968765258789,2.189610242843628,2.189610242843628
2.172027349472046,2.172027349472046,1.8690969944000244,1.8244352340698242,1.8987354040145874,1.8987354040145874,2.04105544090271,2.135937452316284,2.135937452316284,1.978525161743164,2.1099905967712402,2.0278170108795166,2.0278170108795166,2.0167641639709473,2.169099807739258,1.980789303779602,1.9920094013214111,1.9789619445800781,2.0145926475524902,2.0164425373077393,2.101606845855713,2.076486110687256,1.901045560836792,2.0436229705810547,2.0619068145751953,2.189610242843628,2.189610242843628
1.8537942171096802,1.9700833559036255,1.9700833559036255,1.905188798904419,2.030071973800659,1.9326595067977905,1.9190561771392822,1.993055820465088,1.993055820465088,1.9557313919067383,1.9945247173309326,2.0278170108795166,2.0329220294952393,2.031207799911499,2.141892194747925,2.012361526489258,2.012361526489258,1.9789619445800781,2.0448548793792725,1.9096956253051758,2.076486110687256,2.076486110687256,2.409703254699707,2.058758020401001,2.175124168395996,2.175124168395996,1.6637897491455078
1.8537942171096802,1.9700833559036255,2.02482533454895,2.118603229522705,2.118603229522705,2.012080192565918,2.1735143661499023,2.0140910148620605,2.1711983680725098,2.0346741676330566,2.0243077278137207,2.0990216732025146,2.0329220294952393,2.134882926940918,2.134882926940918,2.235673189163208,2.235673189163208,2.069068670272827,2.055800199508667,2.055800199508667,1.9597508907318115,2.223677158355713,2.409703254699707,2.2942793369293213,2.2264468669891357,2.2264468669891357,1.505845546722412
2.4621059894561768,2.4621059894561768,2.156475067138672,1.8888888359069824,2.012080192565918,2.102015256881714,2.1735143661499023,2.11592698097229,2.1711983680725098,2.129502534866333,2.129502534866333,2.0257081985473633,2.0158581733703613,2.1202950477600098,2.1202950477600098,2.235673189163208,2.235673189163208,2.058807849884033,2.0065088272094727,2.5117974281311035,2.5117974281311035,2.1060755252838135,2.1060755252838135,2.020420789718628,2.2264468669891357,2.2264468669891357,1.592231273651123
2.208465099334717,2.208465099334717,2.2534284591674805,2.39463472366333,2.1868581771850586,2.049898147583008,2.0123019218444824,2.127873659133911,2.127873659133911,2.129502534866333,2.2341251373291016,2.066148042678833,2.115049362182617,2.099719762802124,2.1150450706481934,2.1206302642822266,2.1206302642822266,2.016700029373169,2.186110019683838,2.5117974281311035,2.5117974281311035,2.060305118560791,2.060305118560791,2.1572954654693604,1.9281469583511353,1.6910030841827393,1.6492072343826294
2.3022921085357666,1.9555857181549072,2.2534284591674805,2.2534284591674805,2.4789535999298096,2.503960371017456,2.503960371017456,2.0923562049865723,2.073575258255005,2.073575258255005,2.2341251373291016,2.067931652069092,2.115049362182617,2.092240571975708,1.9632651805877686,2.2511465549468994,1.9628934860229492,2.0675158500671387,2.186110019683838,2.1051177978515625,2.134450912475586,2.0853867530822754,2.060305118560791,1.8458411693572998,1.891116976737976,1.891116976737976,1.6731812953948975
2.3022921085357666,2.579756259918213,2.579756259918213,1.8353588581085205,2.9077160358428955,2.9077160358428955,2.503960371017456,1.9686980247497559,2.276939868927002,2.276939868927002,2.1148486137390137,2.317112922668457,2.317112922668457,2.0858452320098877,2.2118663787841797,2.20703387260437,2.20703387260437,2.0675158500671387,2.0760257244110107,2.165310859680176,2.165310859680176,2.0511627197265625,2.0009853839874268,1.954954981803894,1.891116976737976,1.891116976737976,1.737635612487793
2.1138880252838135,2.2748374938964844,2.2748374938964844,2.3316285610198975,2.3316285610198975,1.9740327596664429,2.033989906311035,1.992640733718872,2.276939868927002,2.276939868927002,2.0461955070495605,2.068445920944214,2.071556806564331,2.071556806564331,2.2118663787841797,2.168545722961426,2.168545722961426,1.9948067665100098,1.9326374530792236,2.165310859680176,2.165310859680176,1.8138091564178467,1.6917346715927124,1.74072265625,1.74072265625,2.3719358444213867,2.26539945602417
2.5740325450897217,2.5740325450897217,2.68912410736084,2.3316285610198975,2.3316285610198975,2.406198024749756,2.406198024749756,1.87993586063385,2.0284433364868164,2.0284433364868164,2.151374340057373,2.151374340057373,2.069208860397339,2.069208860397339,2.113208532333374,1.9410117864608765,1.939751386642456,1.939751386642456,1.9326374530792236,1.8823351860046387,1.4714921712875366,1.5878709554672241,1.633284568786621,1.74072265625,1.74072265625,2.3719358444213867,2.26539945602417
2.5740325450897217,2.5740325450897217,2.68912410736084,2.261435031890869,2.261435031890869,2.406198024749756,2.406198024749756,1.6646512746810913,1.8981667757034302,2.027292490005493,1.880887508392334,1.8865163326263428,2.1056759357452393,2.1056759357452393,1.7874723672866821,1.812468409538269,1.903778076171875,1.7298128604888916,2.124325752258301,1.8823351860046387,1.5699845552444458,1.8839783668518066,1.8443121910095215,1.8148564100265503,1.9324774742126465,1.838027000427246,1.4692120552062988
2.30413818359375,1.9631922245025635,2.2096450328826904,2.2096450328826904,1.9592432975769043,1.8615350723266602,2.156109571456909,1.8217558860778809,2.5992324352264404,1.9967231750488281,1.7102326154708862,1.8801506757736206,1.9160358905792236,1.9160358905792236,1.8430088758468628,1.863478422164917,1.903778076171875,2.5400986671447754,2.5400986671447754,1.586679220199585,1.5934971570968628,1.8839783668518066,1.6307049989700317,1.7660455703735352,1.9430114030838013,1.9430114030838013,1.5906944274902344
1.8319337368011475,1.699608564376831,1.7709853649139404,2.151482582092285,1.9592432975769043,1.5684741735458374,2.0121262073516846,2.3014540672302246,2.750999927520752,2.750999927520752,2.610487222671509,1.937586784362793,1.937586784362793,1.9732497930526733,1.9732497930526733,1.9654247760772705,2.0239756107330322,2.5400986671447754,2.5400986671447754,2.252218246459961,1.6259973049163818,1.6332800388336182,1.6332800388336182,1.7660455703735352,1.7660455703735352,1.8838471174240112,2.56229829788208
1.6419035196304321,1.6563372611999512,1.7534888982772827,1.7840849161148071,1.7394568920135498,1.6917065382003784,1.6783561706542969,1.7863593101501465,2.177520751953125,2.4397990703582764,2.610487222671509,2.236663341522217,1.987387776374817,1.9736807346343994,1.9441970586776733,1.999983787536621,2.000472068786621,2.1786367893218994,2.252218246459961,2.252218246459961,1.5666427612304688,1.4651581048965454,1.4926478862762451,1.6266423463821411,1.5136287212371826,1.944395899772644,1.5948013067245483
2.059389114379883,1.8057706356048584,1.741303563117981,1.698904275894165,1.698904275894165,1.6640814542770386,1.6783561706542969,1.7863593101501465,2.177520751953125,2.177520751953125,2.6098310947418213,2.4968464374542236,1.9952764511108398,2.0485939979553223,2.0485939979553223,2.0626444816589355,2.083519697189331,2.7018051147460938,2.7018051147460938,1.9402728080749512,1.6455234289169312,1.6455234289169312,1.4926478862762451,1.4942352771759033,1.5871860980987549,1.944395899772644,1.5438604354858398
2.059389114379883,1.7169113159179688,1.77447509765625,1.7629525661468506,1.7287505865097046,1.673312783241272,1.673312783241272,1.6378192901611328,1.6410845518112183,2.1146583557128906,2.4968464374542236,2.4968464374542236,2.064486503601074,2.0485939979553223,2.0545501708984375,2.136767625808716,2.136767625808716,2.1962993144989014,2.3062078952789307,1.6711583137512207,1.549359679222107,1.5648458003997803,1.5648458003997803,1.9354820251464844,1.9354820251464844,2.282609224319458,1.671866774559021
1.483159065246582,1.9116764068603516,1.9116764068603516,1.770464301109314,1.783078908920288,1.673312783241272,1.673312783241272,1.723650574684143,1.7705376148223877,1.9959341287612915,2.069826602935791,2.0185279846191406,2.0185279846191406,1.9927605390548706,1.877406358718872,1.912014126777649,2.1226468086242676,2.1962993144989014,1.6711583137512207,1.6711583137512207,1.4512097835540771,1.5648458003997803,1.5648458003997803,1.9354820251464844,1.9354820251464844,2.282609224319458,1.6969659328460693

Channel 9
1.6012884378433228,1.3022525310516357,1.3022525310516357,1.14378821849823,1.0537333488464355,0.20779630541801453,3.07080078125,1.5229902267456055,1.1898138523101807,0.5543279051780701,0.6338780522346497,0.6338780522346497,0.762714684009552,0.44099313020706177,0.5596818327903748,0.4082820415496826,0.4082820415496826,0.4810131788253784,0.4810131788253784,0.47885483503341675,0.9675816893577576,0.7036114931106567,2.4338321685791016,2.4338321685791016,0.7298468351364136,0.8702878952026367,2.4902827739715576
0.9011692404747009,0.37054386734962463,0.7472193837165833,1.1885288953781128,1.656664252281189,0.24043944478034973,0.3559546172618866,0.35526955127716064,0.35526955127716064,0.7960918545722961,0.12020880728960037,0.6418271064758301,0.7782523036003113,0.6103615760803223,0.6104958057403564,0.6104958057403564,0.24727597832679749,0.3065582811832428,0.2851475477218628,0.5707732439041138,0.5707732439041138,0.37534627318382263,0.543446958065033,0.9395853877067566,0.8728259801864624,0.8702878952026367,1.051612377166748
0.9011692404747009,0.8293242454528809,1.510451078414917,1.3181184530258179,1.656664252281189,0.7446910738945007,0.7446910738945007,0.40423858165740967,0.2863695025444031,0.7960918545722961,0.0,0.6418271064758301,0.9605668187141418,0.6103615760803223,0.6104958057403564,0.6104958057403564,0.07112305611371994,0.22704178094863892,0.08169849961996078,0.4860517382621765,0.4860517382621765,0.13693779706954956,0.9458386301994324,0.9458386301994324,1.3048503398895264,0.6567741632461548,1.0076290369033813
0.8464463353157043,0.8293242454528809,1.510451078414917,1.3181184530258179,0.509267270565033,0.3667588233947754,0.3667588233947754,0.40423858165740967,0.2863695025444031,0.318557471036911,0.318557471036911,0.1756780445575714,0.9605668187141418,0.5122079849243164,0.4737776517868042,0.3008158802986145,0.32994139194488525,0.32994139194488525,0.24795940518379211,0.40754276514053345,0.18525856733322144,0.17514705657958984,0.9458386301994324,0.9458386301994324,1.380082130432129,1.4797828197479248,0.34705573320388794
0.8464463353157043,0.059117235243320465,0.7815962433815002,0.7815962433815002,0.7852864265441895,0.14567413926124573,0.14567413926124573,0.1325126588344574,0.1325126588344574,0.318557471036911,0.318557471036911,0.0,0.7560979723930359,0.3404979407787323,0.4737776517868042,0.34730643033981323,0.32994139194488525,0.32994139194488525,0.24795940518379211,0.45480597019195557,0.6955298185348511,1.021911382675171,1.021911382675171,0.8805416822433472,1.380082130432129,0.6413896083831787,0.5964503884315491
0.0,0.5694454908370972,0.46895676851272583,0.2321212887763977,0.13617223501205444,0.2586914896965027,0.14567413926124573,0.0925072506070137,0.3015010952949524,0.06967011839151382,0.7397964000701904,0.7397964000701904,0.1298627257347107,0.11683344095945358,0.0898628905415535,0.3723163306713104,0.37668535113334656,0.3443105220794678,0.3745500147342682,0.3745500147342682,0.26855799555778503,1.021911382675171,1.021911382675171,1.3715871572494507,2.7785704135894775,2.7785704135894775,1.0365195274353027
0.0,0.5694454908370972,0.46895676851272583,0.36848318576812744,0.0,0.07800803333520889,0.07818568497896194,0.2533961534500122,0.34944790601730347,0.1958295702934265,0.0,0.13402926921844482,0.1298627257347107,0.11683344095945358,0.0064051151275634766,0.27340278029441833,0.27340278029441833,0.3443105220794678,0.3745500147342682,0.3745500147342682,0.10563492029905319,0.2745751142501831,0.1129486933350563,1.3715871572494507,2.7785704135894775,2.7785704135894775,1.0906901359558105
0.0,0.2024889588356018,0.2024889588356018,0.561419665813446,0.4948074221611023,0.4948074221611023,0.21426713466644287,0.15316760540008545,0.11495766788721085,0.37147971987724304,0.37147971987724304,0.24461603164672852,0.24461603164672852,0.15235716104507446,0.0064051151275634766,0.0,0.01976551115512848,0.0,0.053295888006687164,0.17276617884635925,0.17276617884635925,0.046089984476566315,0.20322245359420776,0.25424107909202576,1.0855048894882202,1.0855048894882202,1.9038268327713013
0.44126731157302856,0.8615326285362244,0.8615326285362244,0.12954914569854736,0.4948074221611023,0.4948074221611023,0.7512799501419067,0.2935214042663574,0.15117689967155457,0.37147971987724304,0.37147971987724304,0.24461603164672852,0.48707759380340576,0.48707759380340576,0.45763450860977173,0.4105793833732605,0.43455350399017334,0.43455350399017334,0.3675321340560913,0.3675321340560913,0.17276617884635925,0.08300655335187912,0.332199364900589,1.6350988149642944,2.049471855163574,2.049471855163574,1.8123539686203003
0.44126731157302856,0.6455780863761902,0.5540063381195068,0.33859679102897644,0.33859679102897644,0.2948891520500183,0.7060537338256836,0.0,0.10799821466207504,0.1815730333328247,0.14116555452346802,0.029563359916210175,0.2236403226852417,0.2236403226852417,0.45763450860977173,0.4105793833732605,0.5678350925445557,0.5678350925445557,0.2863510251045227,0.2863510251045227,0.4847397208213806,0.9262761473655701,0.9262761473655701,1.6350988149642944,2.049471855163574,2.049471855163574,1.7676535844802856
0.08698735386133194,0.08698735386133194,0.4803321957588196,0.23310586810112,0.23310586810112,0.32695090770721436,0.6709232926368713,0.12638407945632935,0.10799821466207504,0.1815730333328247,0.1090477779507637,0.05685880035161972,0.05685880035161972,0.048726312816143036,0.0,0.18474963307380676,0.164383202791214,0.164383202791214,0.0,0.021403782069683075,0.32416778802871704,0.38309964537620544,0.6438888907432556,0.6438888907432556,0.015734270215034485,0.9407348036766052,2.708824872970581
0.08698735386133194,0.8626236319541931,1.944207787513733,0.9402186274528503,0.6240112781524658,0.32695090770721436,0.6709232926368713,0.2921837270259857,0.06962398439645767,0.14934566617012024,0.1090477779507637,0.05685880035161972,0.1474972665309906,0.1474972665309906,0.03630378097295761,0.18474963307380676,0.13561731576919556,0.13561731576919556,0.0769784078001976,0.1348966658115387,0.1348966658115387,0.23053398728370667,0.4148964285850525,0.4148964285850525,0.5595473647117615,1.7768046855926514,2.540398597717285
0.9104867577552795,1.245497226715088,1.944207787513733,1.0009242296218872,0.6810922026634216,0.4926627278327942,0.5700662732124329,0.18395093083381653,0.18395093083381653,0.126141756772995,0.0667254850268364,0.022807970643043518,0.1474972665309906,0.1474972665309906,0.03630378097295761,0.006917946040630341,0.07255653291940689,0.07835883647203445,0.24482542276382446,0.24482542276382446,0.15763244032859802,0.8178679347038269,0.7269700765609741,0.6307153105735779,0.6307153105735779,2.191317558288574,2.6751601696014404
0.300470232963562,1.2681082487106323,1.2681082487106323,1.0009242296218872,0.6810922026634216,0.4926627278327942,0.9660044312477112,0.5588865280151367,0.5588865280151367,0.15675336122512817,0.022807970643043518,0.16350188851356506,0.1299307942390442,0.06842812150716782,0.06842812150716782,0.04938501864671707,0.07255653291940689,0.07835883647203445,0.21615588665008545,0.05749570578336716,0.18189528584480286,0.8178679347038269,0.7269700765609741,1.3046541213989258,1.6523269414901733,1.6523269414901733,1.9256943464279175
0.2588535249233246,0.0,0.9421449303627014,1.1208393573760986,0.32944440841674805,0.5296980738639832,0.6491786241531372,0.2513616383075714,0.15339314937591553,0.6477453112602234,0.2218523621559143,0.5221020579338074,0.18732744455337524,0.18141698837280273,0.425706684589386,0.22012266516685486,0.22012266516685486,0.14271563291549683,0.21615588665008545,0.6275266408920288,0.6275266408920288,0.5762031078338623,0.021250002086162567,0.6601215600967407,1.6523269414901733,1.6523269414901733,1.9256943464279175
0.7578203082084656,0.865340530872345,0.9421449303627014,1.149369478225708,0.4152279496192932,0.5296980738639832,0.8804120421409607,0.2513616383075714,0.19826626777648926,0.6147364974021912,0.2218523621559143,0.20798885822296143,0.14089542627334595,0.05462101846933365,0.49996691942214966,0.22012266516685486,0.22012266516685486,0.46017807722091675,0.6844368577003479,0.6275266408920288,0.6275266408920288,0.7686019539833069,1.2196717262268066,1.557464838027954,1.0333250761032104,1.0333250761032104,2.811352014541626
0.9058950543403625,1.4886640310287476,1.4886640310287476,1.0492515563964844,1.0492515563964844,0.6153988242149353,0.6712318658828735,0.6712318658828735,0.17665961384773254,0.17665961384773254,0.0,0.3288227915763855,0.42542892694473267,0.42542892694473267,0.49996691942214966,0.5430421829223633,0.4944167137145996,0.4944167137145996,1.68169367313385,0.6550118327140808,0.12492609769105911,0.7686019539833069,1.2196717262268066,1.2196717262268066,0.6964707970619202,0.5463158488273621,2.811352014541626
2.044454336166382,1.8784483671188354,1.8784483671188354,1.7354410886764526,1.7354410886764526,0.44748276472091675,0.6712318658828735,0.6712318658828735,0.33777177333831787,0.17665961384773254,0.10107768326997757,0.4243558645248413,0.8236095309257507,0.8236095309257507,1.1441057920455933,1.1441057920455933,0.23333945870399475,0.08350207656621933,0.7323514819145203,0.14583095908164978,0.5181504487991333,0.6375669240951538,0.891068696975708,0.891068696975708,1.2380679845809937,1.1444114446640015,2.145542860031128
3.9145376682281494,1.8784483671188354,1.8784483671188354,1.685151219367981,1.333687663078308,0.18932607769966125,1.0094032287597656,0.223730206489563,0.33777177333831787,0.03946711868047714,0.03946711868047714,0.4243558645248413,0.7847944498062134,0.7847944498062134,0.4965903162956238,0.49976038932800293,0.0863918885588646,0.11528825014829636,0.22608894109725952,0.4193170666694641,0.6260572075843811,0.6375669240951538,0.24740806221961975,0.6422921419143677,1.2380679845809937,2.1769707202911377,3.1461331844329834
1.1285091638565063,0.8583981394767761,1.3089531660079956,1.3089531660079956,2.324948310852051,2.324948310852051,1.3816150426864624,0.25783511996269226,1.116862416267395,1.116862416267395,0.49014222621917725,0.20626533031463623,0.5448116064071655,0.5448116064071655,0.31930777430534363,0.7226142287254333,0.7606409788131714,0.7606409788131714,0.45978426933288574,0.45978426933288574,0.4193170666694641,0.08798258751630783,0.3742894232273102,0.6422921419143677,0.6422921419143677,2.1769707202911377,3.1461331844329834
0.8184622526168823,0.8583981394767761,1.961685061454773,1.961685061454773,2.3860056400299072,4.133895397186279,1.481633186340332,0.5568456053733826,1.7231067419052124,1.7231067419052124,0.5493877530097961,0.33840882778167725,0.5448116064071655,0.5448116064071655,0.013938099145889282,0.7226142287254333,0.7606409788131714,0.7606409788131714,1.878942608833313,1.878942608833313,0.3472103476524353,0.2521238327026367,0.5342181921005249,0.7639554142951965,0.7639554142951965,1.721505880355835,2.8369271755218506
1.0169527530670166,1.565438151359558,0.8542606234550476,0.8710159063339233,2.3860056400299072,6.937627792358398,1.481633186340332,4.1269001960754395,1.4867188930511475,1.4867188930511475,1.0864695310592651,0.33840882778167725,0.2029140293598175,0.149647057056427,0.0,0.3428814113140106,0.016451142728328705,1.012453317642212,1.878942608833313,1.878942608833313,0.3472103476524353,0.2813071012496948,0.5342181921005249,0.7639554142951965,0.7639554142951965,2.3361620903015137,3.2458691596984863
0.5224040746688843,1.0830365419387817,0.8542606234550476,0.7062628269195557,0.4700496792793274,2.102050542831421,0.7876999974250793,7.402563095092773,7.402563095092773,0.9439254403114319,1.6517935991287231,0.029674939811229706,0.10043355077505112,0.008481048047542572,0.2745421528816223,0.3428814113140106,0.11260177940130234,1.012453317642212,1.012453317642212,0.6767989993095398,0.2813071012496948,0.2813071012496948,0.452844500541687,0.5290002226829529,0.702775239944458,2.3361620903015137,2.1066019535064697
0.07112758606672287,0.28835853934288025,0.28835853934288025,0.0,0.34007638692855835,0.34007638692855835,0.7663701772689819,7.402563095092773,7.402563095092773,0.9439254403114319,2.9964797496795654,0.8473030924797058,0.10043355077505112,0.17305129766464233,0.2745421528816223,0.7026755809783936,0.7026755809783936,0.3437420129776001,0.8032235503196716,0.6767989993095398,0.47454148530960083,0.08231735974550247,0.9730355143547058,0.9730355143547058,0.8070668578147888,0.6417352557182312,1.792157530784607
1.081447958946228,0.15467563271522522,0.13061124086380005,0.13061124086380005,0.12823909521102905,0.08943852037191391,0.08943852037191391,0.30173632502555847,1.0923770666122437,2.5974576473236084,2.9964797496795654,1.0879216194152832,0.0,0.23213788866996765,0.47824007272720337,1.0022028684616089,1.4101461172103882,1.82988440990448,1.82988440990448,1.11946702003479,0.9286871552467346,0.04235265403985977,0.9730355143547058,0.9730355143547058,0.7942227125167847,0.6503395438194275,1.4729071855545044
1.081447958946228,0.3300511837005615,0.4064561128616333,0.4064561128616333,0.1365794539451599,0.1365794539451599,0.10023165494203568,0.18003296852111816,0.8403067588806152,2.5974576473236084,4.027271270751953,4.027271270751953,0.9421551823616028,0.7899302840232849,0.7899302840232849,0.6556696891784668,1.4101461172103882,1.82988440990448,1.82988440990448,1.11946702003479,0.9286871552467346,0.690031111240387,0.4266742467880249,0.4804617762565613,0.07938902825117111,0.5401418209075928,0.23351731896400452
0.14880096912384033,0.0,0.360245943069458,0.13923370838165283,0.1365794539451599,0.17576658725738525,0.6934757232666016,0.4037942886352539,0.5368704795837402,0.340498149394989,4.027271270751953,4.027271270751953,2.9211907386779785,0.7899302840232849,0.7899302840232849,0.6538452506065369,1.4275609254837036,1.4275609254837036,0.4886913299560547,1.0181388854980469,1.0394073724746704,1.0394073724746704,0.4266742467880249,0.4804617762565613,0.07938902825117111,0.20357602834701538,0.18484634160995483

Channel 10
8.233230590820312,8.233230590820312,3.9087719917297363,7.143346309661865,7.678867816925049,7.678867816925049,4.406188011169434,6.647079944610596,6.647079944610596,4.398777961730957,6.694247245788574,3.424150228500366,9.33939266204834,9.33939266204834,6.4757561683654785,9.32876968383789,9.32876968383789,6.010237693786621,8.437828063964844,8.437828063964844,5.017268657684326,6.599576950073242,6.599576950073242,1.2833375930786133,2.2872211933135986,4.127353668212891,10.404069900512695
1.7401171922683716,1.7487820386886597,1.4847420454025269,3.733888626098633,3.733888626098633,3.0467989444732666,2.2561986446380615,1.405693769454956,1.697260856628418,5.178711891174316,5.178711891174316,1.7319631576538086,9.33939266204834,9.33939266204834,6.8912224769592285,9.32876968383789,9.32876968383789,7.389210224151611,7.020165920257568,7.737120151519775,6.069082260131836,2.1618802547454834,3.25972843170166,3.25972843170166,2.461102247238159,0.9159722924232483,0.8917957544326782
1.7401171922683716,3.401974678039551,3.401974678039551,4.838040351867676,3.0539605617523193,3.0467989444732666,3.245908498764038,1.3598406314849854,3.683870315551758,5.3587422370910645,3.246098041534424,2.325692653656006,5.001358985900879,5.001358985900879,6.8912224769592285,8.992413520812988,9.314661026000977,7.389210224151611,3.6688544750213623,9.853989601135254,9.853989601135254,3.0913424491882324,5.967378616333008,5.967378616333008,2.969139575958252,2.969139575958252,1.1188960075378418
3.0490176677703857,3.401974678039551,3.401974678039551,4.838040351867676,1.6333273649215698,1.094333529472351,3.170320510864258,3.170320510864258,3.683870315551758,5.3587422370910645,3.5992116928100586,6.0585784912109375,6.0585784912109375,6.236391067504883,6.236391067504883,6.996393203735352,6.996393203735352,3.726735830307007,4.128330230712891,9.853989601135254,9.853989601135254,3.217654228210449,3.9097177982330322,3.9097177982330322,3.3578085899353027,1.8798247575759888,2.7979166507720947
3.0854644775390625,1.9317539930343628,3.447273015975952,2.476825714111328,2.408082962036133,1.6185487508773804,2.266298294067383,2.266298294067383,1.9772030115127563,1.690588355064392,1.623287558555603,6.0585784912109375,6.0585784912109375,6.236391067504883,6.236391067504883,3.5354886054992676,1.9496726989746094,1.7660974264144897,4.128330230712891,5.519599437713623,6.109014987945557,3.217654228210449,3.217654228210449,4.472078323364258,1.918215036392212,1.8798247575759888,3.189577579498291
3.570549964904785,3.570549964904785,3.447273015975952,2.408082962036133,2.408082962036133,1.6185487508773804,1.2327349185943604,2.2012288570404053,3.3279433250427246,3.3279433250427246,1.623287558555603,3.2357418537139893,3.811974287033081,5.212838649749756,3.333246946334839,3.2901904582977295,2.916290521621704,2.916290521621704,2.692687511444092,3.831641912460327,6.109014987945557,2.3149802684783936,5.31913423538208,5.31913423538208,2.4608490467071533,2.4608490467071533,2.6935551166534424
3.570549964904785,3.570549964904785,2.860344409942627,0.962307333946228,1.3040426969528198,3.3737399578094482,0.32960957288742065,4.098872184753418,4.68799352645874,3.3279433250427246,4.674524307250977,7.016851425170898,7.016851425170898,3.001028537750244,3.001028537750244,1.6032886505126953,6.695083141326904,6.695083141326904,1.1981251239776611,3.2513840198516846,3.2513840198516846,1.2106550931930542,5.31913423538208,5.31913423538208,5.5134501457214355,4.760326862335205,2.6935551166534424
1.245145559310913,2.7031991481781006,3.2384603023529053,2.7947909832000732,1.8060638904571533,1.8060638904571533,1.5714712142944336,4.098872184753418,4.68799352645874,2.3215696811676025,4.674524307250977,2.4063756465911865,2.4063756465911865,2.951850414276123,2.413578748703003,2.413578748703003,1.309977650642395,1.309977650642395,3.925806999206543,3.2513840198516846,3.2513840198516846,2.619154453277588,3.8802943229675293,3.8802943229675293,5.5134501457214355,5.1100382804870605,3.2488133907318115
5.634788990020752,5.634788990020752,1.3665008544921875,2.7158350944519043,3.465728521347046,3.465728521347046,3.2703776359558105,3.2703776359558105,5.576114177703857,5.576114177703857,1.1931043863296509,2.564889907836914,1.898672103881836,4.233680248260498,4.233680248260498,1.791325330734253,1.309977650642395,5.5577778816223145,3.254042863845825,1.2190015316009521,4.242482662200928,4.242482662200928,2.619154453277588,2.43898606300354,2.43898606300354,7.042571067810059,1.2903064489364624
3.5327019691467285,3.5327019691467285,1.3665008544921875,2.7158350944519043,5.537179946899414,1.8682516813278198,4.639218807220459,1.3265191316604614,5.576114177703857,5.576114177703857,2.2034013271331787,1.1330641508102417,1.4093554019927979,3.496831178665161,3.496831178665161,0.769329845905304,4.612746238708496,4.612746238708496,0.9456050992012024,0.6007410883903503,4.242482662200928,4.242482662200928,2.2178843021392822,2.43898606300354,2.43898606300354,2.1040265560150146,1.2778794765472412
3.5327019691467285,3.5327019691467285,0.5332738161087036,5.236681938171387,5.236681938171387,2.5495150089263916,2.5495150089263916,2.6742124557495117,2.802475929260254,2.5788865089416504,5.105379104614258,2.861219644546509,1.0286600589752197,3.496831178665161,3.496831178665161,2.9848287105560303,4.612746238708496,4.612746238708496,0.8505009412765503,0.6863130331039429,2.285292387008667,6.907196998596191,6.907196998596191,2.9973058700561523,2.9973058700561523,4.9012370109558105,3.622267961502075
2.1982474327087402,1.5161091089248657,4.375615119934082,4.375615119934082,4.554368019104004,4.554368019104004,2.5495150089263916,2.6742124557495117,2.802475929260254,2.5788865089416504,5.105379104614258,2.861219644546509,2.502265453338623,2.574786424636841,2.574786424636841,2.9848287105560303,1.5305047035217285,0.54598069190979,1.8053629398345947,2.1410903930664062,2.79004168510437,6.907196998596191,6.907196998596191,3.3328635692596436,3.726778268814087,3.622267961502075,3.622267961502075
5.33569860458374,5.33569860458374,4.375615119934082,4.375615119934082,4.554368019104004,4.554368019104004,2.871548891067505,1.9379287958145142,0.8763242959976196,0.9068289995193481,2.495330572128296,0.8827633261680603,2.502265453338623,2.574786424636841,2.574786424636841,2.5367343425750732,3.414860486984253,3.414860486984253,1.8053629398345947,2.1410903930664062,2.79004168510437,5.022404193878174,3.319667339324951,3.548948287963867,3.726778268814087,5.5985331535339355,1.7655845880508423
5.33569860458374,5.33569860458374,5.0691237449646,3.5984907150268555,1.028833270072937,2.871548891067505,2.871548891067505,2.5880722999572754,6.172776222229004,1.1656293869018555,1.7871760129928589,2.1666042804718018,2.808535099029541,1.7493654489517212,3.392437219619751,3.392437219619751,3.414860486984253,3.414860486984253,2.4361181259155273,4.236464023590088,3.5296690464019775,3.5296690464019775,6.154493808746338,5.339565277099609,3.548948287963867,2.24088978767395,1.8622044324874878
4.471042156219482,5.0691237449646,5.0691237449646,4.0567708015441895,5.106412410736084,5.106412410736084,2.491304874420166,2.491304874420166,6.172776222229004,3.5467782020568848,1.8750852346420288,1.1405055522918701,0.7991707921028137,1.024675965309143,0.7103431224822998,1.3977850675582886,2.8080708980560303,4.442506313323975,4.23744535446167,2.4706673622131348,3.5296690464019775,8.449411392211914,8.449411392211914,6.912288665771484,5.517873764038086,3.184156656265259,1.8622044324874878
3.5616884231567383,3.6365199089050293,3.5586647987365723,8.027243614196777,2.527008056640625,6.540613174438477,6.540613174438477,3.8981900215148926,4.069368362426758,0.5132817625999451,1.8750852346420288,3.4835143089294434,5.4250288009643555,2.529663324356079,2.180250644683838,6.645586013793945,6.645586013793945,6.611275672912598,4.23744535446167,6.116351127624512,6.116351127624512,8.449411392211914,8.449411392211914,6.74761962890625,6.74761962890625,1.518249750137329,1.304468035697937
3.7413830757141113,4.487020969390869,4.487020969390869,8.027243614196777,12.61902141571045,12.61902141571045,4.552276611328125,5.0062575340271,4.069368362426758,3.915079116821289,7.908147811889648,3.3256585597991943,5.152858257293701,7.1753973960876465,7.1753973960876465,6.645586013793945,6.645586013793945,8.641253471374512,8.641253471374512,3.3080427646636963,3.173178195953369,3.173178195953369,2.6014652252197266,6.74761962890625,6.74761962890625,0.1800808310508728,1.2113895416259766
2.9541149139404297,1.633966088294983,5.734588623046875,9.759888648986816,12.61902141571045,12.61902141571045,8.979998588562012,8.979998588562012,6.705686092376709,6.705686092376709,6.2868452072143555,8.596159934997559,8.596159934997559,7.1753973960876465,7.1753973960876465,3.810966730117798,8.537769317626953,8.537769317626953,5.907912731170654,6.535486221313477,3.557241678237915,2.3114049434661865,2.6806459426879883,4.826776027679443,4.455146312713623,0.2796107530593872,0.7378035187721252
4.880922794342041,4.880922794342041,5.734588623046875,5.734588623046875,8.065447807312012,8.065447807312012,8.979998588562012,8.979998588562012,8.118118286132812,6.923624515533447,6.2868452072143555,6.9000349044799805,5.8797526359558105,5.058158874511719,7.069919109344482,2.953822135925293,2.8550844192504883,3.1688859462738037,2.639983654022217,1.7957369089126587,5.081713676452637,9.399690628051758,6.1306562423706055,1.5053833723068237,1.1759573221206665,1.5181121826171875,1.5181121826171875
4.880922794342041,4.880922794342041,4.325860977172852,4.237602233886719,4.237602233886719,3.3893206119537354,5.808797359466553,5.808797359466553,4.476210594177246,4.1991472244262695,8.99997615814209,6.9000349044799805,5.8797526359558105,5.058158874511719,0.6647560596466064,0.0,4.787353992462158,8.20016860961914,4.946087837219238,1.7957369089126587,1.7957369089126587,4.272221565246582,5.359118938446045,5.359118938446045,0.5758594274520874,1.1079703569412231,1.1079703569412231
2.703904628753662,4.086767196655273,4.086767196655273,3.7223598957061768,3.4734740257263184,3.3893206119537354,5.808797359466553,9.158020973205566,9.158020973205566,8.626855850219727,3.9169671535491943,3.845911741256714,3.9863195419311523,6.07994270324707,6.07994270324707,4.514340877532959,4.787353992462158,8.20016860961914,4.946087837219238,1.3505947589874268,1.5163997411727905,4.097470760345459,5.359118938446045,5.359118938446045,3.5090105533599854,4.862739086151123,2.5771379470825195
1.4886698722839355,4.086767196655273,4.086767196655273,4.050037860870361,5.860330581665039,3.855853796005249,2.0911333560943604,0.6820716857910156,5.798027038574219,8.626855850219727,2.8602066040039062,0.5377011895179749,1.7681000232696533,6.07994270324707,6.07994270324707,4.514340877532959,1.3861093521118164,2.029468297958374,2.029468297958374,0.4341532289981842,1.290160894393921,4.097470760345459,2.419912338256836,4.292588710784912,5.147838115692139,4.862739086151123,2.5771379470825195
2.130387306213379,2.130387306213379,2.475501537322998,4.050037860870361,1.4686875343322754,3.855853796005249,2.1739137172698975,1.6425824165344238,1.9255545139312744,2.483121871948242,2.483121871948242,2.282217264175415,2.0763869285583496,2.4396777153015137,0.9655289649963379,0.508807897567749,0.3577168583869934,2.234602212905884,2.5319983959198,2.5319983959198,1.290160894393921,1.735841155052185,0.6532776951789856,4.292588710784912,5.147838115692139,2.8057444095611572,2.8057444095611572
0.6035994291305542,0.5398654341697693,0.478598952293396,0.6173365116119385,1.0455207824707031,1.2286182641983032,1.1267457008361816,3.7147057056427,3.7147057056427,1.1693404912948608,1.7775020599365234,2.282217264175415,1.0625072717666626,0.36560845375061035,0.508807897567749,0.508807897567749,0.7561525106430054,2.234602212905884,3.9511990547180176,1.295941948890686,0.7417216300964355,1.0044010877609253,2.969330072402954,2.969330072402954,0.853996217250824,2.8057444095611572,2.8057444095611572
2.4130923748016357,3.456580400466919,3.591028928756714,3.591028928756714,0.7571540474891663,0.5640295147895813,0.2125817984342575,3.7147057056427,8.17646312713623,8.17646312713623,3.8709654808044434,1.1490284204483032,0.3199214041233063,0.5468168258666992,0.36616629362106323,0.6176249384880066,2.5953431129455566,2.5953431129455566,3.9511990547180176,1.477140188217163,0.7206655740737915,1.4090847969055176,2.969330072402954,2.969330072402954,1.429604172706604,1.429604172706604,3.9524192810058594
1.5339555740356445,0.9249316453933716,3.591028928756714,3.591028928756714,1.308377742767334,1.308377742767334,0.3629155457019806,0.4565061032772064,5.559071063995361,3.210413932800293,3.0095622539520264,1.7164725065231323,0.7366762161254883,1.8177862167358398,1.8177862167358398,0.6887739896774292,2.5953431129455566,2.5953431129455566,1.0480713844299316,0.4423462152481079,1.782045841217041,1.4577784538269043,0.5289888978004456,0.5820152759552002,2.915316343307495,3.8471429347991943,3.8471429347991943
1.5339555740356445,1.1924949884414673,0.8841761946678162,0.5106303691864014,1.308377742767334,1.308377742767334,0.7277473211288452,1.0092668533325195,5.559071063995361,6.890147686004639,6.890147686004639,6.643519401550293,0.7366762161254883,1.8177862167358398,1.8177862167358398,0.6887739896774292,2.5382401943206787,3.8186824321746826,1.0480713844299316,1.4573931694030762,1.782045841217041,2.122047185897827,2.4652304649353027,2.4652304649353027,2.915316343307495,3.8471429347991943,3.8471429347991943

Channel 11
2.447176218032837,2.447176218032837,1.5107635259628296,4.004120349884033,4.004120349884033,6.377756118774414,6.377756118774414,6.0940022468566895,6.0940022468566895,3.7382092475891113,3.7382092475891113,2.8501973152160645,2.615302801132202,6.32629919052124,2.431678295135498,6.14101505279541,5.166827201843262,5.166827201843262,2.5614919662475586,1.6635123491287231,8.631148338317871,2.4921884536743164,2.4921884536743164,2.356903076171875,5.169711112976074,4.795048236846924,1.204372525215149
1.463269591331482,1.5107635259628296,2.0643649101257324,4.49324369430542,4.004120349884033,6.377756118774414,6.377756118774414,4.090193748474121,4.090193748474121,3.6516313552856445,3.6516313552856445,4.221717834472656,3.193701982498169,3.5488393306732178,5.282622814178467,6.14101505279541,2.9147298336029053,2.79050874710083,2.5614919662475586,5.7335944175720215,8.631148338317871,3.1510605812072754,3.1510605812072754,3.4651734828948975,4.431519508361816,2.1264522075653076,1.204372525215149
1.463269591331482,1.463269591331482,3.1161701679229736,4.49324369430542,3.2447197437286377,5.711490631103516,5.711490631103516,3.293750762939453,4.051584243774414,3.2174129486083984,6.002277374267578,8.271018028259277,2.3138720989227295,4.564728736877441,5.282622814178467,3.2580480575561523,3.2580480575561523,5.600745677947998,5.600745677947998,4.286073684692383,4.286073684692383,5.970279693603516,5.970279693603516,2.2344400882720947,2.2123615741729736,1.2529553174972534,1.0383087396621704
3.9451072216033936,0.818571150302887,3.1161701679229736,3.2447197437286377,3.2447197437286377,3.404951572418213,3.404951572418213,2.9595885276794434,4.051584243774414,1.8853731155395508,6.002277374267578,6.002277374267578,5.633304595947266,3.2429070472717285,4.211244583129883,3.2580480575561523,3.2580480575561523,4.898993968963623,5.267460346221924,2.6445958614349365,3.037605047225952,5.970279693603516,5.970279693603516,5.591562747955322,5.591562747955322,2.54702091217041,1.9634804725646973
0.4684097170829773,2.945345401763916,3.0292835235595703,2.8701727390289307,2.8701727390289307,2.497331380844116,3.053907871246338,5.554509162902832,5.554509162902832,3.4192588329315186,4.835140705108643,4.541952133178711,4.36478853225708,6.377068519592285,6.377068519592285,2.617264747619629,5.432748794555664,3.444417715072632,5.267460346221924,1.5878498554229736,3.039921283721924,6.80248498916626,6.80248498916626,3.9974358081817627,3.857365846633911,2.5965020656585693,1.3497480154037476
1.5215035676956177,2.945345401763916,2.854602575302124,2.854602575302124,0.7843222618103027,3.005164861679077,2.9141173362731934,5.554509162902832,5.554509162902832,3.54555606842041,2.670149326324463,2.393306255340576,3.2415130138397217,2.637371063232422,4.286989212036133,4.286989212036133,2.617264747619629,3.2294232845306396,3.2294232845306396,3.1752123832702637,3.1752123832702637,6.80248498916626,6.80248498916626,2.5675389766693115,4.829541206359863,2.5965020656585693,1.1134681701660156
0.8427382707595825,1.9758529663085938,6.6379523277282715,4.689428329467773,0.7843222618103027,3.005164861679077,0.4328905940055847,2.190960645675659,7.2607598304748535,3.54555606842041,2.670149326324463,2.393306255340576,2.393306255340576,2.587034225463867,4.199523448944092,1.2491021156311035,2.3241941928863525,3.1578311920166016,0.38410013914108276,3.1488285064697266,2.448518991470337,0.5613244771957397,2.5675389766693115,2.5675389766693115,4.829541206359863,2.972320079803467,0.9052650928497314
7.9322686195373535,7.9322686195373535,6.6379523277282715,3.9855096340179443,5.187972068786621,5.187972068786621,0.9042333364486694,2.190960645675659,2.190960645675659,3.9697916507720947,0.6832255721092224,4.67763090133667,4.67763090133667,2.324916124343872,2.4879610538482666,2.1559383869171143,0.48342573642730713,0.9401732683181763,2.381289005279541,2.381289005279541,0.5150784850120544,6.434904098510742,2.551421642303467,1.7647722959518433,2.2410943508148193,4.917503356933594,4.917503356933594
7.9322686195373535,7.9322686195373535,4.349792003631592,4.349792003631592,5.187972068786621,5.187972068786621,4.658015727996826,3.2292633056640625,4.895321846008301,4.895321846008301,0.5469919443130493,4.67763090133667,4.67763090133667,1.8712984323501587,2.4879610538482666,0.48342573642730713,1.2878886461257935,4.236472129821777,4.236472129821777,2.381289005279541,7.828126907348633,7.828126907348633,3.4549412727355957,3.4549412727355957,7.537112712860107,6.085816383361816,2.4338738918304443
4.85528039932251,4.85528039932251,1.1383295059204102,2.6322336196899414,4.073772430419922,0.74411541223526,4.658015727996826,0.2601671814918518,1.488379716873169,0.29739171266555786,3.2997870445251465,3.2997870445251465,0.4612997770309448,2.177440881729126,1.8712984323501587,0.31714093685150146,1.7728416919708252,4.236472129821777,4.236472129821777,2.0608232021331787,5.241209983825684,3.751220226287842,4.5277628898620605,6.680217742919922,7.537112712860107,5.258342742919922,5.258342742919922
2.2866196632385254,1.3556106090545654,1.6935938596725464,2.6322336196899414,3.2069125175476074,4.739173412322998,1.5037444829940796,5.011528968811035,5.011528968811035,1.705518364906311,3.2997870445251465,3.2997870445251465,0.4612997770309448,0.39962542057037354,1.0667167901992798,1.6884180307388306,1.3487704992294312,1.3487704992294312,0.8022862076759338,2.0608232021331787,2.0608232021331787,4.42496919631958,3.751220226287842,6.680217742919922,6.680217742919922,5.258342742919922,5.258342742919922
2.2866196632385254,1.4536166191101074,2.9250495433807373,3.1541507244110107,2.2029778957366943,4.739173412322998,2.317169189453125,5.660031795501709,5.011528968811035,1.152122139930725,1.0978585481643677,1.5547235012054443,1.5547235012054443,1.4909588098526,2.2328553199768066,2.2328553199768066,0.4583277106285095,0.2832326889038086,0.2832326889038086,1.8327587842941284,3.0779407024383545,4.42496919631958,1.233635425567627,2.757596492767334,7.343997955322266,4.85791015625,4.85791015625
1.4536166191101074,2.1756432056427,5.009962558746338,5.009962558746338,3.4568424224853516,3.116619110107422,2.317169189453125,2.317169189453125,0.833497166633606,0.833497166633606,1.2731248140335083,3.6382603645324707,2.269608974456787,2.269608974456787,1.3024238348007202,2.066953182220459,2.5161988735198975,2.5161988735198975,2.4035212993621826,2.8728833198547363,2.8728833198547363,5.942070484161377,4.4985032081604,4.424926280975342,7.343997955322266,7.182251930236816,0.6032577157020569
1.3908430337905884,2.595391035079956,4.274356365203857,4.274356365203857,4.259637355804443,6.0017170906066895,4.472296237945557,4.472296237945557,2.4646880626678467,1.7451293468475342,3.6745376586914062,3.6745376586914062,3.0289220809936523,0.6402350068092346,1.6170274019241333,1.4878547191619873,3.3820643424987793,2.5161988735198975,4.313812255859375,4.313812255859375,3.551867723464966,5.942070484161377,4.026064395904541,7.87013053894043,7.87013053894043,7.182251930236816,0.7228767275810242
5.163295269012451,2.8733954429626465,3.0226657390594482,3.197582244873047,4.259637355804443,4.259637355804443,3.9930455684661865,2.9507699012756348,4.091553211212158,4.091553211212158,3.8002326488494873,3.0289220809936523,3.0289220809936523,1.8284549713134766,1.8753044605255127,1.9196758270263672,1.9419894218444824,3.1767709255218506,6.252274990081787,5.18035364151001,5.18035364151001,3.791797637939453,9.149333000183105,9.149333000183105,11.849061965942383,6.999730110168457,0.5670992732048035
5.163295269012451,5.415348052978516,4.340052127838135,3.197582244873047,3.197582244873047,3.033263683319092,1.5408298969268799,1.4693118333816528,3.7027170658111572,3.8002326488494873,3.8002326488494873,2.10625958442688,2.10625958442688,1.8284549713134766,3.6600356101989746,2.971205711364746,4.325762748718262,4.325762748718262,8.051352500915527,4.597365379333496,6.339521408081055,6.339521408081055,9.149333000183105,9.692045211791992,11.849061965942383,1.0768450498580933,1.3113880157470703
2.9720778465270996,5.415348052978516,6.600986957550049,2.9843170642852783,3.730950355529785,3.033263683319092,4.7390594482421875,4.7390594482421875,0.8873041868209839,2.8504743576049805,2.9469895362854004,2.9469895362854004,3.32055926322937,4.077627658843994,4.077627658843994,4.659902572631836,6.7701921463012695,6.7701921463012695,8.051352500915527,4.325610160827637,9.520668029785156,10.584081649780273,10.584081649780273,9.152263641357422,9.152263641357422,0.9353187084197998,0.40284329652786255
3.3161890506744385,11.243948936462402,11.243948936462402,9.46844482421875,2.5319645404815674,1.2384268045425415,4.7390594482421875,4.7390594482421875,3.6858229637145996,3.6858229637145996,2.8504743576049805,6.861843585968018,3.8882739543914795,3.32055926322937,3.3046882152557373,7.445491790771484,7.445491790771484,6.7701921463012695,3.480139970779419,1.1018810272216797,9.520668029785156,11.587364196777344,11.587364196777344,0.4812939763069153,1.270345687866211,1.270345687866211,1.6294547319412231
4.707187175750732,7.594257831573486,6.006789684295654,3.194371461868286,2.3222267627716064,4.582776069641113,2.2985949516296387,3.8178014755249023,2.997997283935547,2.474635124206543,2.0019495487213135,6.861843585968018,3.1747703552246094,3.1747703552246094,2.9808919429779053,5.331869125366211,3.6237668991088867,4.425368309020996,8.783935546875,7.336976051330566,5.382051944732666,5.343983173370361,2.745572090148926,1.7888494729995728,2.442660093307495,1.2740143537521362,1.6294547319412231
2.7816944122314453,3.0398645401000977,3.0398645401000977,2.2132186889648438,7.022058010101318,7.022058010101318,2.2985949516296387,8.478195190429688,9.288835525512695,4.356346607208252,4.356346607208252,2.9922597408294678,2.418807029724121,4.983417510986328,4.983417510986328,4.677961826324463,4.677961826324463,4.5545654296875,8.783935546875,0.0,0.5605561137199402,3.1746673583984375,3.1746673583984375,3.076766014099121,0.30210721492767334,0.9016071557998657,1.0095638036727905
1.2315438985824585,2.220428228378296,3.68985915184021,3.68985915184021,4.137121200561523,2.499821662902832,2.499821662902832,8.478195190429688,8.478195190429688,4.823578357696533,3.154047966003418,2.105621576309204,3.1102755069732666,4.983417510986328,5.006123065948486,5.006123065948486,4.677961826324463,3.2330214977264404,0.8817561864852905,0.29787808656692505,1.7806638479232788,2.90584659576416,6.118599891662598,6.118599891662598,0.5872483253479004,2.4340405464172363,0.8350461721420288
1.5463627576828003,2.655080795288086,4.654760837554932,4.44915246963501,4.137121200561523,3.4651663303375244,2.97287654876709,0.37044572830200195,5.428004264831543,5.428004264831543,3.8254079818725586,3.8254079818725586,3.471294403076172,3.1102755069732666,2.6280651092529297,2.6280651092529297,1.0713622570037842,2.4856996536254883,2.4856996536254883,3.1866679191589355,3.1866679191589355,2.90584659576416,1.3080557584762573,1.4586148262023926,3.7229557037353516,3.7229557037353516,2.05207896232605
5.056581974029541,4.871068477630615,4.202750205993652,4.44915246963501,0.2942503094673157,3.4651663303375244,0.6173596382141113,1.2392003536224365,6.127421855926514,3.477810859680176,3.8254079818725586,3.8254079818725586,1.5937857627868652,1.5937857627868652,1.6423401832580566,0.5264248847961426,0.8136740326881409,2.024285316467285,4.534603595733643,4.534603595733643,3.1866679191589355,1.272701621055603,2.1082494258880615,1.3128830194473267,3.576413631439209,3.576413631439209,2.05207896232605
5.056581974029541,2.060849189758301,1.3608434200286865,0.6761342883110046,0.2907240390777588,0.1579684466123581,0.12277014553546906,2.843733787536621,6.127421855926514,1.3345378637313843,2.248286485671997,1.220836877822876,0.43452775478363037,0.7036344408988953,0.07728254795074463,1.6714316606521606,3.9499351978302,3.9499351978302,5.79825496673584,2.117161989212036,1.4325698614120483,1.272701621055603,1.3768161535263062,1.3768161535263062,3.576413631439209,3.576413631439209,1.8529640436172485
1.6568763256072998,1.3608434200286865,1.3608434200286865,1.325160026550293,0.14492295682430267,0.7764416337013245,0.369895339012146,2.843733787536621,3.683964252471924,3.683964252471924,2.248286485671997,1.161099910736084,0.012026488780975342,1.6757421493530273,1.6757421493530273,8.113981246948242,8.113981246948242,5.7585835456848145,3.2738118171691895,2.117161989212036,1.7490170001983643,1.7490170001983643,0.7619198560714722,0.3411492705345154,3.4710919857025146,3.4710919857025146,2.5127813816070557
2.78019380569458,1.209091305732727,1.0175745487213135,0.6247909069061279,0.5531498789787292,0.7764416337013245,1.0227513313293457,1.0227513313293457,3.683964252471924,3.683964252471924,10.493971824645996,2.294818162918091,3.1988658905029297,1.6757421493530273,4.658036231994629,4.670582294464111,10.854267120361328,10.854267120361328,3.0326194763183594,1.1994866132736206,1.7490170001983643,1.7490170001983643,0.7919424772262573,2.390896797180176,4.456853866577148,3.7470245361328125,3.7470245361328125
1.3073257207870483,4.107090950012207,2.665073871612549,0.5162377953529358,0.42871755361557007,0.22883908450603485,1.0227513313293457,1.0227513313293457,2.6693389415740967,10.35692310333252,10.493971824645996,5.5809807777404785,5.5809807777404785,3.9334590435028076,6.091537952423096,4.658036231994629,6.194479942321777,5.563992500305176,5.563992500305176,1.524670124053955,1.0871528387069702,1.8934693336486816,2.1230204105377197,3.570564031600952,1.7210954427719116,3.7470245361328125,3.7470245361328125

Channel 12
3.34212064743042,3.273289680480957,1.3128935098648071,1.3128935098648071,7.613594055175781,2.8849427700042725,2.8849427700042725,3.4008889198303223,4.707173824310303,0.9785358905792236,4.617459297180176,3.456768274307251,3.726926803588867,3.726926803588867,3.335787296295166,3.0702409744262695,3.4471964836120605,3.8968324661254883,6.17067289352417,6.17067289352417,4.377552032470703,4.028432369232178,4.6652607917785645,4.6652607917785645,1.0205979347229004,2.154233932495117,2.154233932495117
3.34212064743042,1.603283166885376,1.603283166885376,2.260087490081787,1.9137979745864868,2.8849427700042725,2.8849427700042725,0.9695001840591431,2.9994819164276123,5.032159328460693,3.784945487976074,4.837021350860596,4.311079502105713,4.902314186096191,5.304980278015137,3.7408034801483154,4.325456619262695,4.325456619262695,3.1884679794311523,4.377552032470703,4.377552032470703,2.1482880115509033,4.6652607917785645,4.6652607917785645,2.8433947563171387,2.4682247638702393,0.45636066794395447
3.012678861618042,2.2028071880340576,1.603283166885376,2.341977596282959,2.431032419204712,1.1499288082122803,1.8466681241989136,1.1374807357788086,4.302951335906982,5.428375720977783,5.428375720977783,4.311079502105713,4.311079502105713,6.749729156494141,4.902314186096191,3.7408034801483154,4.325456619262695,4.325456619262695,0.9099243879318237,1.370600700378418,1.370600700378418,2.8358511924743652,6.186367988586426,6.186367988586426,2.0181167125701904,1.532362937927246,1.2510085105895996
3.7022061347961426,2.2028071880340576,2.0226736068725586,2.341977596282959,4.28156852722168,1.3755745887756348,2.1930606365203857,2.1930606365203857,4.302951335906982,2.3064420223236084,2.2823848724365234,4.844573974609375,4.844573974609375,6.749729156494141,3.4240572452545166,2.6511478424072266,3.60341215133667,3.60341215133667,2.6651089191436768,2.5323100090026855,4.073048114776611,2.8358511924743652,4.494287490844727,5.770895004272461,5.770895004272461,2.3671040534973145,1.6394435167312622
3.7022061347961426,1.6824198961257935,3.0138630867004395,0.6098625659942627,4.28156852722168,1.865061640739441,1.865061640739441,0.8870273232460022,2.250215768814087,0.5880993604660034,2.2823848724365234,4.844573974609375,4.844573974609375,3.1797375679016113,2.2247154712677,1.9682594537734985,3.7705631256103516,1.9113633632659912,2.6651089191436768,2.5323100090026855,5.229799270629883,5.229799270629883,5.112633228302002,5.770895004272461,5.770895004272461,3.0154669284820557,1.6394435167312622
2.1717047691345215,2.1717047691345215,3.334883451461792,3.334883451461792,1.1440134048461914,1.865061640739441,1.983010172843933,0.2795736789703369,2.4976677894592285,2.4976677894592285,3.4009015560150146,3.0012500286102295,3.0012500286102295,2.2430779933929443,2.202834367752075,1.9682594537734985,4.133476257324219,4.133476257324219,2.9593191146850586,2.6122498512268066,2.6122498512268066,0.6879721283912659,5.112633228302002,1.8916902542114258,5.094228744506836,5.094228744506836,0.9941372871398926
1.2316211462020874,1.9373043775558472,3.334883451461792,3.334883451461792,1.1440134048461914,1.1440134048461914,1.983010172843933,0.6996003985404968,2.4976677894592285,2.4976677894592285,3.9061639308929443,3.9061639308929443,2.2430779933929443,2.2430779933929443,2.202834367752075,1.8558269739151,1.0400770902633667,1.2204025983810425,0.9427281618118286,2.6122498512268066,2.6122498512268066,2.2410666942596436,2.177891969680786,6.18254280090332,5.094228744506836,5.094228744506836,2.711282253265381
1.2316211462020874,5.606989860534668,2.3768200874328613,3.1322474479675293,1.998292326927185,3.7879059314727783,1.365264654159546,0.6996003985404968,1.8340482711791992,4.598817825317383,0.29195958375930786,1.978716254234314,2.724369525909424,1.9222828149795532,2.444039821624756,2.444039821624756,1.4656496047973633,1.4656496047973633,4.405799388885498,1.479187250137329,0.4193839728832245,1.5383760929107666,1.821710228919983,1.125787615776062,2.6067421436309814,8.35653018951416,8.35653018951416
2.360440492630005,5.606989860534668,3.2338216304779053,2.3051700592041016,1.6672849655151367,3.7879059314727783,5.508272647857666,5.508272647857666,0.6745366454124451,4.598817825317383,1.6425446271896362,1.978716254234314,2.724369525909424,1.5504190921783447,3.0769612789154053,1.3614020347595215,1.4656496047973633,1.9724186658859253,4.405799388885498,1.705557107925415,2.2639503479003906,2.384507894515991,3.7698450088500977,3.7698450088500977,4.518280029296875,8.35653018951416,8.35653018951416
2.360440492630005,2.64851450920105,0.764183521270752,1.6672849655151367,3.0068421363830566,2.6000359058380127,1.1072267293930054,0.7474693059921265,0.6745366454124451,0.6608387231826782,1.4463142156600952,1.4463142156600952,1.2577251195907593,0.487896591424942,3.0769612789154053,0.95937180519104,1.8857755661010742,1.9013402462005615,1.6183545589447021,1.2406182289123535,3.7638278007507324,3.7638278007507324,4.990907192230225,3.871917486190796,4.042178630828857,5.48267936706543,5.48267936706543
2.79004168510437,2.79004168510437,1.5092854499816895,1.5092854499816895,2.6000359058380127,3.9952242374420166,3.9952242374420166,2.3894574642181396,2.3894574642181396,0.5248500108718872,1.0246195793151855,1.4745134115219116,1.2577251195907593,0.9804767370223999,0.5810955762863159,1.1917738914489746,0.2887802720069885,0.2887802720069885,0.43675944209098816,1.2406182289123535,1.382335901260376,3.2254703044891357,4.990907192230225,3.8744144439697266,2.96732234954834,5.955182075500488,3.027238607406616
2.8483524322509766,2.859880208969116,4.3769097328186035,2.8866376876831055,2.8866376876831055,3.9952242374420166,3.9952242374420166,2.3894574642181396,3.5007333755493164,1.0161359310150146,1.0161359310150146,1.0520120859146118,1.0520120859146118,1.3882187604904175,2.9349820613861084,3.2947888374328613,3.2947888374328613,0.537990927696228,1.4882605075836182,1.8169914484024048,1.8169914484024048,3.2254703044891357,3.2254703044891357,3.8744144439697266,2.674187660217285,5.955182075500488,4.708464622497559
5.664186954498291,5.664186954498291,3.166332960128784,3.294252872467041,4.027454376220703,0.9407181739807129,1.4903812408447266,1.4903812408447266,1.1995770931243896,1.1995770931243896,2.074843406677246,0.9053069949150085,1.6801502704620361,1.749273657798767,1.5952290296554565,1.5952290296554565,1.2684763669967651,1.7514386177062988,1.4882605075836182,1.8169914484024048,2.4038286209106445,4.655917167663574,6.348620891571045,2.659071922302246,2.674187660217285,4.708464622497559,4.708464622497559
5.664186954498291,5.664186954498291,3.166332960128784,1.6355795860290527,1.2160898447036743,4.030898571014404,4.030898571014404,1.4903812408447266,3.8221383094787598,5.911515235900879,0.9053069949150085,1.6196362972259521,2.328933000564575,1.6801502704620361,1.8798778057098389,1.8798778057098389,1.729803442955017,1.9651774168014526,1.5928196907043457,1.5928196907043457,2.6799325942993164,4.655917167663574,3.722771406173706,3.6160964965820312,5.85328483581543,3.7564148902893066,3.7564148902893066
2.164602041244507,8.936378479003906,4.183034420013428,4.1643571853637695,3.4786088466644287,4.030898571014404,4.030898571014404,1.2407289743423462,7.9519453048706055,7.9519453048706055,6.3344879150390625,1.583614468574524,2.328933000564575,1.3982075452804565,0.7863228917121887,1.7397958040237427,2.690448522567749,2.690448522567749,2.350574493408203,2.7404093742370605,3.8236262798309326,3.8236262798309326,2.0940446853637695,3.006892204284668,3.633049249649048,4.885025501251221,2.671874761581421
2.225562810897827,7.847706317901611,10.01374340057373,10.01374340057373,8.53943157196045,8.53943157196045,5.393812656402588,1.6845622062683105,1.0115067958831787,2.849684953689575,2.631544351577759,2.0199434757232666,1.029902696609497,1.3124417066574097,1.3124417066574097,2.7041585445404053,2.7041585445404053,2.690448522567749,1.9249818325042725,1.7603107690811157,3.8236262798309326,3.8836190700531006,3.2699527740478516,3.2699527740478516,4.099970817565918,4.099970817565918,3.1026196479797363
1.5781950950622559,2.415048360824585,1.991974949836731,5.580829620361328,8.53943157196045,8.53943157196045,5.992121696472168,5.992121696472168,1.3181214332580566,1.3205580711364746,4.512548923492432,4.512548923492432,3.677889347076416,3.677889347076416,3.0920357704162598,2.7041585445404053,2.7041585445404053,3.184025287628174,6.778831481933594,6.778831481933594,5.358282566070557,5.358282566070557,3.2699527740478516,8.420557022094727,4.099970817565918,4.461931228637695,4.461931228637695
1.6191120147705078,1.2533575296401978,1.4327789545059204,5.580829620361328,4.350794315338135,4.177320957183838,4.988830089569092,3.8013458251953125,4.4166059494018555,4.4166059494018555,4.512548923492432,4.512548923492432,5.314792633056641,3.677889347076416,3.9179913997650146,6.220207691192627,2.7178924083709717,2.804595947265625,6.778831481933594,6.778831481933594,2.7531185150146484,2.7531185150146484,2.106621503829956,8.420557022094727,2.7909138202667236,4.461931228637695,4.461931228637695
2.5707247257232666,2.5707247257232666,2.0852649211883545,3.062272310256958,2.0580756664276123,3.3099801540374756,4.988830089569092,4.1062846183776855,1.3887267112731934,3.483808755874634,4.685034275054932,4.685034275054932,5.314792633056641,2.0329740047454834,1.7830449342727661,6.220207691192627,2.6777825355529785,1.3297158479690552,2.5553715229034424,1.3090437650680542,4.802549839019775,2.7531185150146484,1.951435923576355,1.0767780542373657,2.776020050048828,2.776020050048828,7.187079429626465
4.886585712432861,4.886585712432861,6.103245735168457,1.7721216678619385,3.6226658821105957,10.83292293548584,10.83292293548584,10.401922225952148,10.401922225952148,7.2481513023376465,7.057493209838867,3.008920669555664,2.0329740047454834,3.4540162086486816,3.4540162086486816,2.6651883125305176,3.1168246269226074,1.742798089981079,3.3910369873046875,3.3910369873046875,1.3313381671905518,2.075896978378296,1.8206722736358643,1.0767780542373657,2.776020050048828,4.431545734405518,7.187079429626465
5.461320877075195,3.4844298362731934,11.451875686645508,11.451875686645508,6.494915008544922,10.83292293548584,14.902899742126465,2.677966356277466,3.4815173149108887,7.2481513023376465,3.613328456878662,2.8747811317443848,2.8747811317443848,3.4540162086486816,3.4540162086486816,2.5859785079956055,3.1168246269226074,1.6909842491149902,3.708390235900879,3.3910369873046875,0.9339166283607483,4.313459873199463,4.313459873199463,3.638641834259033,2.88415265083313,4.431545734405518,0.9711812734603882
3.4844298362731934,6.039361476898193,1.7803725004196167,3.7820045948028564,3.3541479110717773,9.58187198638916,14.902899742126465,8.74765396118164,8.74765396118164,2.608347177505493,3.613328456878662,0.9767364263534546,1.0015738010406494,3.0787506103515625,3.0787506103515625,0.22557333111763,0.35050493478775024,4.700840950012207,4.700840950012207,2.671692132949829,0.717522919178009,2.3763930797576904,1.790604591369629,1.397830605506897,3.7687442302703857,3.7687442302703857,5.601583003997803
1.4287697076797485,1.4367135763168335,1.4367135763168335,0.5874014496803284,0.5874014496803284,0.8953789472579956,4.8026533126831055,8.74765396118164,8.74765396118164,4.576816558837891,4.576816558837891,2.967393159866333,0.7484787702560425,0.3987128436565399,0.3987128436565399,0.12050946801900864,0.1209845319390297,2.444289445877075,6.3679962158203125,3.108306407928467,1.4625244140625,0.5524821877479553,2.453670024871826,2.453670024871826,2.629495620727539,2.2025787830352783,2.2025787830352783
1.6435376405715942,0.9204546213150024,0.9204546213150024,0.3308274745941162,0.8883392810821533,0.526070773601532,0.5762833952903748,1.2979695796966553,2.829359292984009,4.576816558837891,8.576224327087402,2.967393159866333,0.20753857493400574,0.3987128436565399,0.3987128436565399,1.0247474908828735,2.352757453918457,4.524872779846191,4.524872779846191,3.108306407928467,2.4409797191619873,1.3833922147750854,2.453670024871826,2.4776010513305664,1.660131573677063,2.2025787830352783,2.417067527770996
1.6435376405715942,1.5691102743148804,1.90201735496521,1.90201735496521,0.8883392810821533,0.3456311523914337,0.5762833952903748,0.9532742500305176,0.9532742500305176,6.139297962188721,8.576224327087402,5.946910858154297,0.24879130721092224,0.22889795899391174,0.3925343453884125,1.0247474908828735,3.1133272647857666,2.532684087753296,6.08238410949707,6.08238410949707,2.4409797191619873,0.8175808191299438,1.1338530778884888,1.1802842617034912,1.660131573677063,1.660131573677063,2.417067527770996
2.7352113723754883,1.6904749870300293,1.90201735496521,1.90201735496521,0.8055174946784973,0.7012057304382324,0.619141161441803,0.5537152886390686,2.157406806945801,3.486985445022583,5.946910858154297,10.881305694580078,6.075016975402832,1.6694529056549072,1.7412283420562744,0.6984335780143738,0.9605953693389893,2.532684087753296,3.078315496444702,1.3051097393035889,1.0137377977371216,0.7712075114250183,0.7712075114250183,0.7607046365737915,2.5241050720214844,4.352088928222656,4.543018341064453
1.1544668674468994,4.290908336639404,3.134464740753174,2.0708301067352295,2.0708301067352295,0.7737657427787781,0.619141161441803,0.30840861797332764,2.157406806945801,3.562466621398926,3.351945638656616,10.881305694580078,7.272947311401367,2.6148791313171387,1.7412283420562744,4.46854305267334,1.313104510307312,4.047839164733887,3.5475728511810303,3.5475728511810303,1.2654715776443481,1.5712940692901611,0.7714505791664124,0.7607046365737915,2.9246881008148193,4.352088928222656,4.543018341064453

Channel 13
7.719732761383057,2.6152689456939697,2.2248620986938477,2.80136775970459,6.110921859741211,0.9599441289901733,6.315998077392578,8.553414344787598,8.553414344787598,10.415836334228516,10.415836334228516,7.342325210571289,1.8141810894012451,2.832148551940918,2.521597146987915,5.941483974456787,5.779330730438232,5.779330730438232,2.092604398727417,4.720958232879639,4.720958232879639,2.2332115173339844,2.100928783416748,0.7870240807533264,2.435006618499756,8.466293334960938,3.8709888458251953
0.6824929714202881,3.3757126331329346,3.3757126331329346,2.624150037765503,2.2761471271514893,4.271986961364746,2.4703872203826904,8.553414344787598,8.553414344787598,5.272782325744629,9.867284774780273,7.342325210571289,3.4833176136016846,2.832148551940918,7.734102725982666,7.734102725982666,4.594192028045654,3.6983485221862793,1.0011905431747437,4.720958232879639,4.720958232879639,3.192873477935791,3.0950865745544434,2.282240867614746,1.4902657270431519,1.0016984939575195,2.6925225257873535
6.898892879486084,6.898892879486084,7.061484336853027,9.424160957336426,9.424160957336426,3.5076818466186523,5.492703914642334,0.4522227644920349,3.993685483932495,5.272782325744629,5.272782325744629,5.035437107086182,3.925567150115967,4.512119293212891,7.734102725982666,7.734102725982666,6.8343892097473145,7.55113410949707,7.55113410949707,5.961221218109131,2.6338911056518555,2.2615833282470703,1.9757606983184814,1.9765379428863525,1.4902657270431519,1.0016984939575195,2.6925225257873535
6.898892879486084,6.898892879486084,7.061484336853027,9.424160957336426,9.424160957336426,1.5301234722137451,4.6543498039245605,4.6543498039245605,3.993685483932495,2.322079658508301,4.864707946777344,5.4660749435424805,7.099523544311523,4.512119293212891,4.512119293212891,4.603153228759766,6.8343892097473145,1.6825711727142334,4.554581165313721,4.554581165313721,3.376596212387085,2.897752046585083,1.9757606983184814,3.2533295154571533,2.428283929824829,2.2754104137420654,1.2510015964508057
1.4341882467269897,6.010923862457275,6.010923862457275,2.8656768798828125,2.8656768798828125,0.6850703954696655,0.6850703954696655,6.785562515258789,6.785562515258789,1.0922197103500366,4.864707946777344,4.157286643981934,4.157286643981934,8.640002250671387,8.640002250671387,1.9652760028839111,4.216864585876465,4.216864585876465,4.554581165313721,4.554581165313721,4.231388092041016,7.2224507331848145,7.2224507331848145,3.2533295154571533,2.428283929824829,3.7160465717315674,3.7160465717315674
4.304092884063721,5.2825422286987305,5.2825422286987305,0.9411829710006714,1.1573596000671387,1.338461995124817,1.304939866065979,6.785562515258789,6.785562515258789,2.7898495197296143,0.46850669384002686,4.119574546813965,4.119574546813965,1.5746021270751953,5.421477794647217,5.421477794647217,6.067848205566406,6.833622455596924,0.880294680595398,4.1003923416137695,4.149491310119629,7.2224507331848145,7.2224507331848145,4.7350687980651855,3.237126588821411,0.5040906667709351,1.6514827013015747
4.304092884063721,1.764647126197815,2.4974136352539062,2.4974136352539062,1.1573596000671387,1.338461995124817,0.08053973317146301,4.149635314941406,5.547956466674805,2.7898495197296143,1.805615782737732,4.119574546813965,4.119574546813965,1.3901901245117188,5.421477794647217,5.421477794647217,6.067848205566406,6.833622455596924,1.4273402690887451,0.41472744941711426,4.149491310119629,1.9687581062316895,4.7350687980651855,4.7350687980651855,3.5594584941864014,2.124805450439453,0.5154831409454346
6.198840618133545,6.198840618133545,1.6417429447174072,2.1995956897735596,5.9928436279296875,5.9928436279296875,0.2246353179216385,0.5833287239074707,0.5833287239074707,2.521803140640259,2.521803140640259,4.2879133224487305,4.2879133224487305,1.9386520385742188,5.08729887008667,5.08729887008667,0.7156239748001099,1.4273402690887451,1.4273402690887451,0.4411366581916809,0.9404642581939697,2.234757423400879,2.234757423400879,1.223911166191101,2.124805450439453,2.124805450439453,0.18459263443946838
6.198840618133545,6.198840618133545,1.1002928018569946,2.1995956897735596,5.9928436279296875,5.9928436279296875,3.0643393993377686,2.407712697982788,3.225649118423462,3.225649118423462,2.521803140640259,4.2879133224487305,4.2879133224487305,2.3101301193237305,2.3101301193237305,0.5123133659362793,0.7358958125114441,2.437452793121338,3.4641714096069336,3.4641714096069336,4.917977333068848,4.917977333068848,2.234757423400879,0.5898705124855042,5.183959484100342,5.183959484100342,2.0482800006866455
2.34616756439209,2.555906057357788,1.1930482387542725,4.001877784729004,4.6939287185668945,2.467081069946289,3.0643393993377686,0.6209230422973633,0.10304871201515198,0.6672624945640564,1.8783737421035767,1.8783737421035767,1.0095655918121338,1.0095655918121338,2.2193572521209717,0.3174266815185547,0.7358958125114441,4.783652305603027,4.783652305603027,0.25769293308258057,4.731778144836426,3.0127203464508057,2.4037680625915527,2.9453444480895996,5.183959484100342,5.183959484100342,2.989039421081543
4.527918338775635,4.527918338775635,2.1796610355377197,4.001877784729004,4.6939287185668945,0.9340658783912659,1.8665884733200073,1.8665884733200073,0.10304871201515198,2.0676071643829346,2.0676071643829346,1.8783737421035767,1.231163740158081,0.9378010630607605,1.0390148162841797,2.176405191421509,1.4410558938980103,0.3386194705963135,0.3386194705963135,0.25769293308258057,2.0588626861572266,3.8580358028411865,3.360135316848755,3.360135316848755,3.609483480453491,3.609483480453491,2.989039421081543
4.527918338775635,4.527918338775635,2.1796610355377197,2.3035387992858887,3.7999980449676514,5.108436584472656,1.8665884733200073,5.727157115936279,4.651180744171143,1.552344799041748,1.552344799041748,2.655518054962158,2.785393238067627,3.350137233734131,3.350137233734131,2.4837610721588135,1.4410558938980103,0.15510322153568268,0.9625734090805054,0.11363159120082855,1.5007656812667847,3.8580358028411865,1.2493858337402344,2.1256539821624756,3.609483480453491,3.609483480453491,2.9293928146362305
3.102848529815674,4.119499206542969,4.119499206542969,3.4974684715270996,3.535824775695801,3.7322707176208496,1.923187494277954,0.21342650055885315,0.6956306099891663,2.4268863201141357,2.4268863201141357,2.655518054962158,2.655518054962158,2.7039096355438232,0.9539780616760254,1.0928153991699219,2.18684983253479,1.1827305555343628,2.9447805881500244,3.767301082611084,3.767301082611084,4.1168060302734375,6.3569016456604,5.057268142700195,5.057268142700195,8.169565200805664,1.593723177909851
4.561654567718506,4.561654567718506,4.119499206542969,3.4974684715270996,2.895953893661499,3.7322707176208496,4.827021598815918,4.827021598815918,1.5075243711471558,2.4268863201141357,2.4268863201141357,2.418405771255493,2.418405771255493,0.5924227833747864,1.7386996746063232,1.7386996746063232,1.6083354949951172,1.6241799592971802,1.327540636062622,2.358656406402588,2.084000825881958,3.3841936588287354,3.991713285446167,4.445425033569336,2.6584248542785645,8.169565200805664,0.9627424478530884
4.561654567718506,4.667606353759766,4.667606353759766,1.541865587234497,2.895953893661499,2.895953893661499,2.536395788192749,2.536395788192749,1.860717535018921,5.495049953460693,5.495049953460693,2.5172483921051025,2.5172483921051025,1.6353096961975098,1.941223382949829,1.941223382949829,1.9618016481399536,1.9618016481399536,4.606461048126221,5.989044666290283,5.989044666290283,4.520081520080566,4.083998203277588,4.445425033569336,3.166707754135132,7.160009384155273,1.7581984996795654
3.528731107711792,3.8415815830230713,2.9768054485321045,1.566842794418335,1.541865587234497,1.6748137474060059,2.906315565109253,2.5995192527770996,3.773656129837036,5.495049953460693,5.495049953460693,2.644545078277588,2.644545078277588,1.1865469217300415,1.941223382949829,2.2703285217285156,3.6688027381896973,3.76086688041687,6.256170749664307,5.989044666290283,8.6801118850708,8.6801118850708,5.9258270263671875,7.532613277435303,9.402799606323242,1.7868050336837769,1.5181031227111816
8.136890411376953,3.21916127204895,3.098320722579956,6.465643405914307,6.465643405914307,0.8292884230613708,3.7679708003997803,3.7679708003997803,2.696335554122925,3.0064406394958496,3.476452350616455,3.476452350616455,2.644545078277588,7.305569648742676,7.305569648742676,5.563849925994873,5.563849925994873,5.770138263702393,8.49272632598877,4.90423583984375,8.6801118850708,8.6801118850708,4.95972204208374,4.888177394866943,2.5116066932678223,1.0909231901168823,1.0909231901168823
10.200270652770996,3.21916127204895,4.722797870635986,6.465643405914307,7.272756576538086,7.272756576538086,3.7679708003997803,3.883108377456665,6.782869815826416,4.32745885848999,3.476452350616455,3.476452350616455,2.9539504051208496,3.7187960147857666,4.177931785583496,11.42093563079834,11.42093563079834,10.487489700317383,9.65099048614502,6.207592964172363,6.184632778167725,6.184632778167725,0.8532875180244446,0.43615466356277466,0.4568713307380676,0.4675779938697815,0.5187608003616333
10.200270652770996,5.027182102203369,4.722797870635986,4.722797870635986,1.9590685367584229,1.935988187789917,3.2310538291931152,3.883108377456665,6.782869815826416,4.32745885848999,2.8970181941986084,4.959146022796631,4.556596755981445,3.7187960147857666,3.7187960147857666,3.3487298488616943,10.487489700317383,10.487489700317383,6.207592964172363,9.19091796875,9.19091796875,6.184632778167725,2.856203556060791,1.905421257019043,1.1267772912979126,0.8087937831878662,4.290287494659424
1.5488592386245728,0.39839088916778564,1.5636999607086182,3.762242078781128,3.5619490146636963,3.5619490146636963,3.2310538291931152,9.169733047485352,9.169733047485352,5.0865349769592285,11.510183334350586,6.432904243469238,6.432904243469238,1.9314875602722168,1.6303516626358032,2.147860050201416,6.9019012451171875,5.900087356567383,3.511784076690674,0.6446398496627808,0.9997480511665344,1.635207176208496,2.856203556060791,1.905421257019043,1.1093066930770874,1.1754709482192993,4.290287494659424
1.54704749584198,1.950842261314392,2.139585494995117,2.139585494995117,0.27885180711746216,3.7926077842712402,3.0643486976623535,9.169733047485352,9.169733047485352,5.275867938995361,11.510183334350586,6.432904243469238,6.432904243469238,2.352526903152466,11.089031219482422,9.895303726196289,3.4476325511932373,1.6030938625335693,0.7241948246955872,0.6446398496627808,0.9997480511665344,1.635207176208496,7.072454929351807,7.072454929351807,1.1093066930770874,1.87103271484375,1.87103271484375
1.54704749584198,2.333930730819702,2.139585494995117,3.9776065349578857,1.4334157705307007,2.2137529850006104,1.3465412855148315,1.4179390668869019,5.275867938995361,5.275867938995361,1.8993029594421387,2.1036672592163086,6.188612461090088,6.188612461090088,11.089031219482422,3.4476325511932373,3.4476325511932373,1.6030938625335693,0.0,0.433080792427063,2.2919068336486816,0.8634882569313049,0.52543705701828,3.2833988666534424,10.11985969543457,10.11985969543457,4.478053092956543
4.180454730987549,6.6927313804626465,2.1064131259918213,3.9393808841705322,1.4334157705307007,2.2137529850006104,0.8130586743354797,3.9872286319732666,3.9872286319732666,1.2628355026245117,2.2012455463409424,2.2012455463409424,2.1036672592163086,2.3961358070373535,0.7575667500495911,0.5683144927024841,0.4846651554107666,2.0365138053894043,2.5540945529937744,2.3507392406463623,0.8634882569313049,2.3534977436065674,2.3534977436065674,1.6292155981063843,3.64166522026062,8.191771507263184,8.191771507263184
4.180454730987549,2.6368119716644287,2.1064131259918213,1.6581722497940063,0.306670606136322,0.9360288977622986,0.44730144739151,3.9872286319732666,3.9872286319732666,1.2699689865112305,2.2012455463409424,2.2012455463409424,0.3498070240020752,0.5636739134788513,0.5674420595169067,0.30960869789123535,3.7475709915161133,2.0365138053894043,4.6620354652404785,3.5377402305603027,0.25435054302215576,2.3534977436065674,2.3534977436065674,1.0742517709732056,4.681430339813232,3.64166522026062,5.15342378616333
1.5526522397994995,2.6368119716644287,1.2138265371322632,0.5436587333679199,0.10366952419281006,0.9360288977622986,0.744184136390686,1.0965681076049805,1.0965681076049805,1.2699689865112305,1.1965668201446533,0.9234535098075867,0.3498070240020752,2.0213122367858887,2.0213122367858887,0.9973894953727722,4.381183624267578,4.381183624267578,2.562077283859253,2.562077283859253,1.1962724924087524,1.5193073749542236,1.0564610958099365,0.14106595516204834,1.692162275314331,1.692162275314331,2.91670560836792
1.501957654953003,0.7461374998092651,0.6703124046325684,0.5579285025596619,0.900873064994812,0.900873064994812,0.27023887634277344,1.151005744934082,3.885770082473755,2.7424521446228027,6.0916428565979,4.341071128845215,5.773761749267578,5.773761749267578,4.531813621520996,2.1906979084014893,3.045200824737549,3.85282564163208,3.6666641235351562,0.8786922097206116,2.5139589309692383,1.5193073749542236,1.0564610958099365,1.7906620502471924,1.692162275314331,2.756565809249878,2.91670560836792
0.6290634274482727,0.5962788462638855,0.8880081176757812,0.8880081176757812,0.900873064994812,0.900873064994812,0.22896592319011688,1.0041779279708862,2.7424521446228027,5.897902488708496,6.0916428565979,4.341071128845215,4.797774791717529,5.288500785827637,4.531813621520996,2.8745760917663574,7.577390670776367,14.280740737915039,14.280740737915039,2.198420524597168,2.198420524597168,4.151568412780762,4.151568412780762,4.308103084564209,4.308103084564209,2.1231746673583984,1.9401308298110962

Channel 14
3.343179702758789,3.343179702758789,2.070812463760376,2.070812463760376,3.0320584774017334,2.688737392425537,1.7202510833740234,7.561092376708984,7.561092376708984,3.0596730709075928,3.0596730709075928,3.1958141326904297,6.669208526611328,7.194634437561035,7.470895290374756,7.470895290374756,7.723595142364502,3.677123785018921,1.7611629962921143,2.5466549396514893,4.6669182777404785,1.4747555255889893,2.997493267059326,2.694528102874756,2.019171714782715,3.682051181793213,3.682051181793213
2.1351523399353027,2.2407901287078857,2.2407901287078857,0.6222924590110779,2.130760669708252,4.452101230621338,4.452101230621338,1.7202510833740234,2.3053512573242188,4.331409454345703,5.111273288726807,8.575891494750977,4.310937881469727,6.824561595916748,6.824561595916748,6.666056156158447,7.723595142364502,3.9476802349090576,3.9476802349090576,3.114475965499878,1.5637540817260742,2.220479965209961,4.224476337432861,3.027684450149536,3.3358986377716064,1.9923315048217773,0.4231038987636566
3.358220100402832,4.1564435958862305,4.1564435958862305,5.471480846405029,5.471480846405029,4.452101230621338,4.452101230621338,1.7526001930236816,2.4237241744995117,1.3579208850860596,3.923952102661133,8.575891494750977,5.608425140380859,8.324543952941895,12.088375091552734,6.30888557434082,2.5348117351531982,3.9476802349090576,3.9476802349090576,3.114475965499878,1.5637540817260742,3.892333745956421,4.224476337432861,3.027684450149536,1.2977900505065918,2.206751823425293,2.206751823425293
3.358220100402832,4.180410861968994,5.006949424743652,3.1089417934417725,2.50972580909729,2.5693790912628174,3.7896738052368164,3.7896738052368164,2.312629461288452,3.2459802627563477,3.2459802627563477,6.311310768127441,5.608425140380859,5.811708927154541,4.9089860916137695,4.752713203430176,4.051323413848877,3.594810724258423,3.594810724258423,5.569858074188232,8.141494750976562,2.855355739593506,2.8557286262512207,4.1093034744262695,2.4317166805267334,2.5414531230926514,2.5414531230926514
3.803295612335205,4.180410861968994,5.006949424743652,3.1089417934417725,0.7544835805892944,2.631523847579956,3.7896738052368164,3.7896738052368164,2.9756994247436523,2.973655939102173,3.413780450820923,3.9033315181732178,3.9033315181732178,4.25825834274292,4.25825834274292,2.493971347808838,4.051323413848877,3.7317426204681396,4.451210021972656,5.569858074188232,8.141494750976562,4.767934799194336,5.907652854919434,3.7496654987335205,4.348437309265137,2.814875602722168,2.5414531230926514
3.803295612335205,3.803295612335205,3.3163633346557617,2.23471999168396,0.3152644634246826,2.631523847579956,2.242220878601074,3.2374234199523926,3.8950672149658203,2.671401262283325,2.0029184818267822,3.431450128555298,3.431450128555298,4.25825834274292,4.25825834274292,1.194068431854248,4.03197717666626,3.7317426204681396,1.8386883735656738,3.287740707397461,3.287740707397461,3.1427574157714844,3.955017328262329,3.67393159866333,4.348437309265137,2.814875602722168,1.113868236541748
1.5047569274902344,2.3078322410583496,3.3163633346557617,2.23471999168396,0.16166535019874573,0.7328295111656189,0.6255752444267273,2.1278536319732666,2.263715982437134,1.5204792022705078,0.9912158846855164,0.9912158846855164,1.0735607147216797,1.6799209117889404,4.123401165008545,3.3399014472961426,1.9981858730316162,1.9981858730316162,1.2070729732513428,4.705544471740723,6.06850004196167,1.823479413986206,0.594170331954956,1.765383243560791,1.576582908630371,2.0220515727996826,2.0220515727996826
1.5047569274902344,0.9091758131980896,2.183776378631592,2.2713773250579834,2.2652251720428467,2.2652251720428467,2.5402817726135254,2.1030619144439697,2.793984889984131,2.793984889984131,0.7569131851196289,2.1953415870666504,2.0997135639190674,2.734295606613159,2.9489779472351074,2.512073516845703,3.3970961570739746,3.3970961570739746,1.2070729732513428,0.9934086203575134,2.618105888366699,4.167914390563965,1.7183046340942383,1.765383243560791,5.239286422729492,5.239286422729492,2.0220515727996826
4.467322826385498,4.999059200286865,1.3913161754608154,2.5917577743530273,3.1268436908721924,1.5372941493988037,2.5402817726135254,2.1030619144439697,1.4031202793121338,1.875236988067627,1.5846343040466309,3.137559175491333,3.137559175491333,2.734295606613159,2.9489779472351074,2.512073516845703,3.3970961570739746,3.3970961570739746,1.9423637390136719,1.9423637390136719,3.279266119003296,2.3621931076049805,3.3752553462982178,3.624767303466797,5.239286422729492,5.239286422729492,3.3673832416534424
2.0200064182281494,1.8615126609802246,0.4298473000526428,2.2118070125579834,3.1268436908721924,1.5372941493988037,1.2878270149230957,1.2878270149230957,1.4031202793121338,1.4031202793121338,0.602615475654602,0.48133331537246704,0.457322359085083,3.023343801498413,3.023343801498413,0.7230851054191589,1.4810197353363037,3.0986132621765137,2.51527738571167,2.418802499771118,3.970769166946411,2.3621931076049805,3.3752553462982178,3.624767303466797,3.624767303466797,2.8925037384033203,3.3673832416534424
2.0200064182281494,1.8615126609802246,1.0888798236846924,2.0721843242645264,2.5400118827819824,3.6472644805908203,1.6193890571594238,4.259160041809082,3.9077870845794678,1.0813961029052734,3.831568479537964,3.831568479537964,1.6669647693634033,1.5646028518676758,1.502063274383545,1.1284680366516113,1.4810197353363037,3.0986132621765137,2.51527738571167,2.418802499771118,3.970769166946411,4.822973728179932,2.6798648834228516,3.4337947368621826,4.206675052642822,4.206675052642822,3.343822717666626
1.6246230602264404,1.6246230602264404,3.311063766479492,2.325765609741211,1.3908090591430664,1.3908090591430664,1.1531918048858643,3.0078392028808594,2.999189853668213,1.0813961029052734,1.462996482849121,0.9632689356803894,0.9632689356803894,0.5701292753219604,3.1212382316589355,3.4425735473632812,1.4474363327026367,0.5015271902084351,3.0313961505889893,5.53337287902832,3.8306267261505127,3.225281000137329,3.225281000137329,3.4337947368621826,3.4337947368621826,5.473814010620117,1.7204468250274658
1.6246230602264404,1.6246230602264404,1.7470664978027344,1.7470664978027344,2.2311508655548096,2.3685214519500732,3.317535400390625,3.317535400390625,2.999189853668213,0.497111439704895,0.9498689770698547,0.9819112420082092,1.035555362701416,1.035555362701416,4.105040073394775,3.4425735473632812,2.4198787212371826,2.4198787212371826,3.0313961505889893,5.53337287902832,3.8306267261505127,3.225281000137329,3.225281000137329,4.1084885597229,5.663537502288818,5.473814010620117,1.7204468250274658
2.529594659805298,4.557766914367676,2.5508604049682617,2.014421224594116,2.2311508655548096,1.864116907119751,3.680088758468628,3.680088758468628,1.2519381046295166,0.7449777126312256,1.7547011375427246,3.4556987285614014,3.4556987285614014,0.7793551087379456,4.105040073394775,2.540480852127075,2.898127317428589,2.898127317428589,1.433760166168213,6.917505264282227,6.917505264282227,4.874512672424316,7.1397247314453125,4.1084885597229,3.3551442623138428,4.133347034454346,1.25285005569458
1.905332326889038,10.787149429321289,10.787149429321289,3.8689799308776855,1.9960050582885742,4.244848251342773,3.680088758468628,3.680088758468628,1.2519381046295166,4.427677631378174,4.427677631378174,1.7547011375427246,0.9113583564758301,0.9113583564758301,2.8418383598327637,2.8418383598327637,3.0928075313568115,3.0928075313568115,1.6066312789916992,6.917505264282227,6.917505264282227,7.4914021492004395,7.4914021492004395,6.511276721954346,6.511276721954346,5.286724090576172,1.25285005569458
1.905332326889038,10.787149429321289,10.787149429321289,4.422301292419434,4.422301292419434,4.244848251342773,3.4214441776275635,0.9825088381767273,1.252472162246704,2.271803379058838,2.271803379058838,1.045377492904663,0.9113583564758301,4.503882884979248,4.503882884979248,2.729891777038574,3.3064441680908203,4.90057373046875,3.1242008209228516,6.203053951263428,5.213239669799805,7.4914021492004395,7.4914021492004395,5.4799275398254395,5.2430949211120605,5.286724090576172,1.9734630584716797
2.8065998554229736,4.6000566482543945,4.988702297210693,2.0540642738342285,3.7649247646331787,3.7649247646331787,6.159758567810059,6.159758567810059,3.1499440670013428,3.1499440670013428,2.895522117614746,3.744795083999634,5.086619853973389,5.086619853973389,4.503882884979248,10.027156829833984,10.027156829833984,4.90057373046875,6.110112190246582,9.871508598327637,9.871508598327637,3.680978536605835,3.680978536605835,5.5850324630737305,5.5850324630737305,1.5615923404693604,1.2276647090911865
6.8577561378479,3.5399882793426514,3.5399882793426514,1.9791572093963623,0.6370980143547058,2.190084218978882,2.190084218978882,2.543438673019409,3.1499440670013428,5.11455774307251,5.11455774307251,3.744795083999634,4.17506217956543,4.17506217956543,4.152482509613037,10.027156829833984,10.027156829833984,7.8679656982421875,4.305173397064209,9.871508598327637,9.871508598327637,6.368457317352295,6.368457317352295,3.106292724609375,1.3514747619628906,0.7733380198478699,4.037868022918701
3.9823124408721924,3.5399882793426514,3.5399882793426514,2.7999868392944336,3.5210814476013184,2.190084218978882,2.691859245300293,5.5639472007751465,5.5639472007751465,1.5011613368988037,3.1741998195648193,9.84237003326416,9.84237003326416,4.17506217956543,1.9284181594848633,2.264127492904663,9.383055686950684,5.911891460418701,5.911891460418701,6.796010971069336,4.6854753494262695,6.368457317352295,6.368457317352295,3.3885397911071777,0.8916267156600952,0.7733380198478699,4.037868022918701
1.2758381366729736,2.537938356399536,1.6674420833587646,3.207575559616089,1.8219614028930664,8.730961799621582,8.730961799621582,5.5639472007751465,5.5639472007751465,2.627944231033325,5.6690497398376465,5.321832180023193,3.832421064376831,1.263195514678955,13.99023723602295,13.99023723602295,7.678481101989746,3.3175315856933594,5.854500770568848,6.796010971069336,4.6854753494262695,1.982867956161499,3.1223604679107666,1.055082082748413,0.06634235382080078,0.6646447777748108,0.8719091415405273
1.7742919921875,1.7859625816345215,1.6928279399871826,5.029855728149414,5.029855728149414,1.8219614028930664,1.4044229984283447,2.7880074977874756,4.095682144165039,12.154547691345215,12.154547691345215,7.740139484405518,9.870619773864746,10.361345291137695,13.99023723602295,13.99023723602295,7.678481101989746,2.760465621948242,1.8902618885040283,1.266878366470337,1.266878366470337,4.088768005371094,7.804377555847168,6.391042709350586,5.648619651794434,4.233521461486816,1.694162130355835
2.8802831172943115,3.1424546241760254,2.6140406131744385,5.029855728149414,5.029855728149414,4.707666397094727,2.894911766052246,2.628666639328003,0.8104634881019592,0.8086320757865906,0.30762678384780884,0.20175674557685852,4.9589152336120605,7.602694034576416,7.602694034576416,4.1576690673828125,0.7481037378311157,1.8902618885040283,1.8902618885040283,0.12197524309158325,0.870025098323822,4.088768005371094,7.804377555847168,6.391042709350586,1.4776554107666016,1.491147518157959,1.694162130355835
4.598209857940674,3.1424546241760254,1.8075566291809082,2.3277244567871094,1.1417274475097656,0.3036002516746521,2.894911766052246,2.628666639328003,4.083651542663574,0.677746057510376,5.75887393951416,7.941473960876465,4.9589152336120605,4.753175735473633,0.524634063243866,0.39451083540916443,1.2546279430389404,1.2546279430389404,3.5419771671295166,2.4407944679260254,0.9239879846572876,1.8579168319702148,1.0982439517974854,0.815353274345398,1.571866750717163,1.571866750717163,2.433786630630493
2.0925772190093994,1.9150128364562988,1.9150128364562988,2.3277244567871094,1.1417274475097656,0.760884702205658,1.478381872177124,1.3018007278442383,2.3916027545928955,2.3916027545928955,0.9724541306495667,0.9724541306495667,0.3265005946159363,0.6703799962997437,0.9996741414070129,0.9249650239944458,0.8855911493301392,1.0111021995544434,2.4407944679260254,2.4407944679260254,0.8842106461524963,0.6956377625465393,0.605086088180542,0.7847889065742493,1.272451639175415,1.272451639175415,1.2150342464447021
2.0925772190093994,1.3445477485656738,1.4565374851226807,1.0493333339691162,1.0493333339691162,0.5869178175926208,0.26157528162002563,0.7266218662261963,2.3916027545928955,2.3916027545928955,0.9724541306495667,0.9724541306495667,0.3265005946159363,0.6703799962997437,0.9996741414070129,0.9249650239944458,4.903634548187256,2.001329183578491,2.622225046157837,0.951875627040863,0.8842106461524963,0.6956377625465393,0.564332127571106,1.2056055068969727,1.272451639175415,2.023855447769165,4.2848920822143555
1.0396168231964111,1.600888967514038,0.8311089277267456,0.26797476410865784,0.26797476410865784,0.49884533882141113,0.26157528162002563,0.8343391418457031,4.129144191741943,4.160592079162598,0.28456249833106995,1.450512409210205,2.3020880222320557,4.118867874145508,4.118867874145508,1.2172880172729492,1.2172880172729492,7.773096084594727,7.773096084594727,1.882814884185791,1.882814884185791,1.1655776500701904,0.651008665561676,2.4963412284851074,4.461662292480469,4.461662292480469,1.0801787376403809
0.9866998791694641,0.39234888553619385,1.1802866458892822,1.0821712017059326,0.5424898862838745,1.0978991985321045,1.0978991985321045,1.1547646522521973,1.1547646522521973,1.6298785209655762,7.511762619018555,4.112125396728516,2.3020880222320557,9.906387329101562,11.233859062194824,9.329625129699707,6.631903171539307,7.773096084594727,7.773096084594727,2.29787015914917,2.5564827919006348,5.7824883460998535,5.951534271240234,3.1466259956359863,4.461662292480469,4.461662292480469,2.00207781791687

Channel 15
2.549690008163452,1.4370768070220947,1.2409312725067139,1.4457883834838867,1.8924310207366943,1.0564045906066895,0.7211456298828125,0.7211456298828125,0.2671473026275635,0.0,0.0,0.0,0.0,0.0,0.0,0.0,0.0,0.0,0.0,1.0392589569091797,0.8351938724517822,1.4013733863830566,1.6840012073516846,0.6460249423980713,1.2299861907958984,1.4844319820404053,1.0674684047698975
2.549690008163452,1.371274709701538,1.2613215446472168,1.4619245529174805,1.4619245529174805,0.009012222290039062,0.009012222290039062,0.0,0.0,0.0,0.0,0.0,0.0,0.0,0.0,0.0,0.0,0.0,0.0,0.0,0.8351938724517822,0.49044179916381836,1.1931045055389404,1.7382051944732666,1.7382051944732666,0.818579912185669,1.1517767906188965
2.1496710777282715,2.1496710777282715,1.2613215446472168,1.4619245529174805,1.4619245529174805,0.0,0.0,0.0,0.0,0.0,0.0,0.0,0.0,0.0,0.0,0.0,0.0,0.0,0.0,0.0,0.0,0.0,1.1931045055389404,1.7382051944732666,1.7382051944732666,1.34368896484375,1.7271294593811035
2.836341142654419,2.1496710777282715,1.6940739154815674,0.2327866554260254,0.0,0.0,0.0,0.0,0.0,0.0,0.0,0.0,0.0,0.0,0.0,0.0,0.0,0.0,0.0,0.0,0.0,0.0,0.0,0.35293304920196533,1.7753090858459473,1.6595592498779297,1.7271294593811035
2.836341142654419,1.627260446548462,1.1530489921569824,0.0,0.0,0.0,0.0,0.0,0.0,0.0,0.0,0.0,0.0,0.0,0.0,0.0,0.0,0.0,0.0,0.0,0.0,0.0,0.0,0.0,1.8234872817993164,1.8234872817993164,0.8201477527618408
5.760323524475098,1.6325500011444092,0.4173375368118286,0.0,0.0,0.0,0.0,0.0,0.0,0.0,0.0,0.0,0.0,0.0,0.0,0.0,0.0,0.8519067764282227,0.0,0.0,0.0,0.0,0.0,0.0,2.278332471847534,2.278332471847534,1.4606106281280518
3.7573611736297607,1.2466716766357422,0.0,0.0,0.0,0.0,0.0,0.0,0.0,0.0,0.0,0.0,0.0,0.0,0.0,0.0,0.0,0.0,0.0,0.0,0.0,0.0,0.033486127853393555,0.033486127853393555,2.278332471847534,2.278332471847534,1.554429292678833
1.6976430416107178,0.0,0.0,0.0,0.0,0.0,0.0,0.0,0.0,0.0,0.0,0.0,0.0,0.0,0.0,0.0,0.0,0.0,0.0,0.0,0.0,0.0,0.0,0.0,0.0,1.2294061183929443,1.6935505867004395
1.4372618198394775,0.0,0.0,0.0,0.0,0.0,0.0,0.0,0.0,0.0,0.0,0.0,0.0,0.0,0.0,0.0,0.0,0.33386337757110596,0.33386337757110596,0.0,0.0,0.0,0.0,0.0,0.0,3.175879716873169,3.175879716873169
0.40168535709381104,0.0,0.0,0.0,0.0,0.0,0.0,0.0,0.0,0.0,0.0,0.0,0.0,0.0,0.0,0.0,0.0,0.33386337757110596,0.33386337757110596,0.0,0.0,0.0,0.2528994083404541,0.2528994083404541,0.3388395309448242,2.531731367111206,2.531731367111206
0.0,0.0,0.0,0.0,0.0,0.0,0.0,0.0,0.0,0.0,0.0,0.0,0.0,0.0,0.0,0.0,0.0,0.0,0.0,0.0,0.0,0.0,0.17107021808624268,0.0,0.0,2.108675956726074,2.108675956726074
0.0,0.0,0.0,0.0,0.0,0.0,0.0,0.0,0.0,0.0,0.0,0.0,0.0,0.0,0.0,0.0,0.0,0.0,0.0,0.0,0.0,0.0,0.0,0.3314692974090576,0.0,3.0882375240325928,3.0882375240325928
0.0,0.0,0.0,0.0,0.0,0.0,0.0,0.0,0.0,0.0,0.0,0.0,0.0,0.0,0.0,0.0,0.0,0.0,0.0,0.0,0.0,0.0,0.0,0.3314692974090576,0.0,4.031585693359375,3.051323652267456
0.0,0.0,0.0,0.0,0.0,0.46619415283203125,0.0,0.0,0.0,0.0,0.0,0.0,0.0,0.0,0.0,0.0,0.0,0.0,0.0,0.0,0.0,0.0,0.0,0.0,1.3037054538726807,4.031585693359375,2.185687780380249
0.21386313438415527,0.0,0.0,0.0,0.0,0.0,0.0,0.0,0.0,0.0,0.0,0.0,0.0,0.0,0.0,0.0,0.0,0.0,0.0,0.0,1.894277572631836,0.0,0.0,0.0,5.042636871337891,5.042636871337891,1.1150245666503906
1.8560044765472412,0.0,0.0,0.0,0.0,0.0,0.0,0.0,0.0,0.0,0.0,0.0,0.0,0.0,0.0,0.0,0.0,0.0,0.0,0.0,0.0,0.0,0.31245148181915283,2.7117369174957275,5.042636871337891,5.042636871337891,1.1150245666503906
1.8211045265197754,0.9882028102874756,0.7547085285186768,0.7547085285186768,0.39726269245147705,0.0,0.0,0.0,0.0,0.0,0.7772295475006104,0.0,0.0,0.0,0.0,0.0,0.0,0.0,0.0,0.413743257522583,0.413743257522583,0.0,2.5252175331115723,3.1711857318878174,3.197096586227417,2.151890516281128,1.544478178024292
2.67946195602417,1.9085216522216797,1.3375182151794434,0.6753497123718262,0.39726269245147705,0.0,0.0,0.0,0.0,0.0,0.7772295475006104,0.0,0.0,0.0,0.0,0.0,0.0,0.0,0.0,1.764744758605957,2.2524383068084717,2.439941883087158,3.505300283432007,2.2470862865448,1.1796162128448486,2.151890516281128,1.6203317642211914
2.156313896179199,1.9085216522216797,1.6304218769073486,1.6304218769073486,0.9802942276000977,1.4048359394073486,1.6889889240264893,1.6889889240264893,0.0,0.1272120475769043,0.1272120475769043,0.0,0.0,0.0,0.0,0.0,0.005515694618225098,2.333916425704956,3.6779677867889404,3.6779677867889404,2.2524383068084717,1.9758784770965576,1.9758784770965576,1.2731714248657227,1.7363173961639404,1.6203317642211914,1.6729261875152588
1.6657922267913818,1.7221651077270508,2.546102523803711,2.546102523803711,2.291424036026001,2.179884433746338,1.7221741676330566,1.6889889240264893,1.1548707485198975,1.6082117557525635,1.6082117557525635,0.0,0.0,0.2345186471939087,0.5075534582138062,1.1948060989379883,2.9161760807037354,2.333916425704956,3.6779677867889404,3.6779677867889404,1.6436223983764648,0.0,1.6656696796417236,1.6656696796417236,1.8045604228973389,1.7354621887207031,1.3028790950775146
2.001570701599121,1.15608811378479,2.5264148712158203,1.3899686336517334,2.291424036026001,2.008772373199463,2.008772373199463,1.1548707485198975,1.1548707485198975,2.255284547805786,2.255284547805786,0.0,0.12472367286682129,1.3100860118865967,1.1360900402069092,2.0769762992858887,3.0280325412750244,3.0280325412750244,0.6677207946777344,0.5558297634124756,0.0,0.0,1.6656696796417236,1.6656696796417236,1.5205671787261963,1.831127405166626,1.7084965705871582
1.8329827785491943,1.1997389793395996,1.1997389793395996,0.2611173391342163,1.7783563137054443,1.1044812202453613,2.74180006980896,0.8086011409759521,0.18694865703582764,2.0906009674072266,2.0906009674072266,1.1242990493774414,1.1242990493774414,1.3100860118865967,1.1360900402069092,0.6416831016540527,2.71986985206604,2.71986985206604,1.957493543624878,1.36500883102417,1.5492849349975586,1.2693192958831787,0.42953479290008545,0.7546405792236328,1.5205671787261963,1.9827117919921875,1.7084965705871582
1.7183287143707275,1.5860800743103027,0.0,0.0,0.0,0.47080445289611816,1.5468480587005615,0.47223079204559326,0.0,0.027743220329284668,0.0,1.1242990493774414,1.1242990493774414,0.0,0.0,0.019197702407836914,1.0385773181915283,1.957493543624878,2.8961894512176514,2.381683826446533,1.5492849349975586,1.2693192958831787,0.3550090789794922,1.1311149597167969,1.1311149597167969,1.2926828861236572,1.2926828861236572
1.2046253681182861,1.5860800743103027,0.0,0.0,0.0,0.47080445289611816,0.47080445289611816,0.30866849422454834,0.0,0.0,0.0,0.0,0.0,0.0,0.0,0.1590362787246704,0.17097079753875732,0.7173054218292236,3.6875226497650146,2.381683826446533,1.5220558643341064,1.2372198104858398,0.8674204349517822,1.1399562358856201,1.291060209274292,0.9094517230987549,1.4129819869995117
1.2046253681182861,0.0,0.0,0.0,0.0,0.08811473846435547,0.2791166305541992,0.48357093334198,0.7434909343719482,0.10171055793762207,0.0,0.0,0.0,0.0,0.0,0.1590362787246704,0.17097079753875732,2.5654120445251465,3.920095205307007,2.2008421421051025,1.070768117904663,1.5895931720733643,1.3735730648040771,1.3409404754638672,0.8377978801727295,1.0455563068389893,0.9649994373321533
1.2623085975646973,0.0,0.0,0.0,0.43380606174468994,0.8397092819213867,0.6869468688964844,0.5383701324462891,0.7434909343719482,0.6682941913604736,1.9666385650634766,1.8242557048797607,0.0,0.0,0.46917760372161865,1.9677081108093262,3.4411776065826416,3.4411776065826416,3.0586025714874268,1.6532962322235107,1.0705764293670654,1.5895931720733643,1.3735730648040771,1.3409404754638672,1.1351943016052246,0.6465829610824585,0.0
1.2623085975646973,0.0,0.0,0.0,0.43380606174468994,0.8397092819213867,0.8885200023651123,0.6899739503860474,1.302778720855713,1.4063472747802734,2.689889907836914,1.8242557048797607,1.5522115230560303,1.5522115230560303,3.841590642929077,3.841590642929077,3.4411776065826416,3.4411776065826416,2.331082582473755,1.7922468185424805,1.1725938320159912,0.710895299911499,0.3192737102508545,0.0,0.16466844081878662,0.9856059551239014,0.9856059551239014

Channel 16
1.624843955039978,3.3572397232055664,0.39923739433288574,5.079493999481201,5.079493999481201,1.9060486555099487,4.724836826324463,4.724836826324463,2.367062568664551,3.0396342277526855,2.903960704803467,3.00917649269104,4.954788684844971,4.954788684844971,3.986452579498291,4.175899505615234,4.175899505615234,2.767529010772705,5.395151138305664,5.395151138305664,4.632066249847412,8.910177230834961,3.659486770629883,3.659486770629883,0.7220990061759949,2.4169087409973145,8.934819221496582
4.039030075073242,1.517325758934021,1.4578179121017456,5.017118453979492,3.173943281173706,3.1137139797210693,3.1137139797210693,2.3936355113983154,3.1415679454803467,1.3302435874938965,2.0283427238464355,2.3132572174072266,2.3132572174072266,2.3786730766296387,3.986452579498291,3.986452579498291,3.505150318145752,2.767529010772705,2.767529010772705,4.724207401275635,4.632066249847412,4.632066249847412,2.7075929641723633,3.12882924079895,3.12882924079895,2.025129795074463,2.025129795074463
2.352936029434204,1.2857104539871216,5.5628275871276855,5.017118453979492,5.258566379547119,1.479549765586853,1.479549765586853,2.7176780700683594,2.7176780700683594,2.592728614807129,2.2493224143981934,2.2493224143981934,2.565145969390869,3.865368604660034,3.865368604660034,3.505150318145752,3.505150318145752,1.965451717376709,1.965451717376709,2.8631937503814697,1.2177186012268066,3.309246301651001,3.309246301651001,3.5365238189697266,2.8433375358581543,2.283557415008545,0.9028224349021912
2.9329636096954346,3.956552505493164,6.193044662475586,0.3691989779472351,1.4351874589920044,2.2258126735687256,2.399489164352417,2.7176780700683594,2.7176780700683594,2.1649112701416016,2.622222900390625,2.2493224143981934,2.565145969390869,5.697085857391357,1.9608569145202637,1.2575855255126953,3.3353374004364014,2.0482254028320312,4.257753849029541,4.720076084136963,2.287693500518799,2.287693500518799,1.6249383687973022,6.299215316772461,6.299215316772461,1.8921300172805786,1.317246913909912
3.1891794204711914,5.791412830352783,6.193044662475586,1.9825670719146729,1.9825670719146729,0.9317333102226257,2.399489164352417,1.3298895359039307,0.8702648282051086,1.2978668212890625,2.622222900390625,1.5878691673278809,3.6672356128692627,3.6672356128692627,1.3317759037017822,1.9650630950927734,2.3441641330718994,2.0482254028320312,4.257753849029541,2.3391611576080322,2.3391611576080322,1.9232709407806396,3.0302183628082275,3.694497585296631,3.694497585296631,3.466580390930176,2.7567591667175293
3.0086300373077393,5.791412830352783,1.6536920070648193,1.9825670719146729,1.9825670719146729,1.71638822555542,0.9317333102226257,1.3744670152664185,0.8702648282051086,0.2571542263031006,3.258298873901367,1.6015795469284058,3.6672356128692627,3.6672356128692627,2.1776065826416016,0.5444594025611877,2.3441641330718994,2.1414787769317627,0.316534161567688,2.3391611576080322,2.3391611576080322,2.0877418518066406,2.056004047393799,1.6509205102920532,3.466580390930176,3.466580390930176,3.3221869468688965
3.0086300373077393,0.8392198085784912,2.1042556762695312,1.004488229751587,0.7684290409088135,0.7684290409088135,0.6605258584022522,3.434307098388672,3.434307098388672,0.7589203715324402,3.258298873901367,1.6015795469284058,1.6015795469284058,2.1776065826416016,2.198234796524048,0.40383362770080566,2.2106659412384033,0.34291785955429077,0.35273951292037964,3.1055707931518555,3.1055707931518555,1.401890516281128,1.401890516281128,1.2406339645385742,2.4618630409240723,2.1894211769104004,3.3221869468688965
3.752725839614868,3.752725839614868,2.1042556762695312,1.2728557586669922,0.2674047350883484,1.0098483562469482,0.8327634930610657,1.1604660749435425,1.9374209642410278,1.5234357118606567,0.7589203715324402,1.4676703214645386,1.205735683441162,1.703573226928711,1.703573226928711,0.8275701999664307,0.4139174222946167,0.4139174222946167,1.634539246559143,1.634539246559143,0.5704553723335266,1.9454454183578491,2.438422918319702,0.854774534702301,2.5739798545837402,2.5739798545837402,1.8090152740478516
2.737950086593628,2.737950086593628,2.1060075759887695,1.4804422855377197,1.7218778133392334,1.1721309423446655,4.492404460906982,0.49082815647125244,1.6835483312606812,1.5234357118606567,0.5634233951568604,1.971778392791748,2.1141090393066406,2.1141090393066406,1.754534125328064,0.1618611067533493,2.8303933143615723,2.8303933143615723,1.189013957977295,0.7159661650657654,0.5125181674957275,2.1192781925201416,1.6738096475601196,1.6738096475601196,2.5739798545837402,2.5739798545837402,2.090376377105713
2.737950086593628,2.737950086593628,1.4804422855377197,2.919769525527954,2.919769525527954,1.547170639038086,0.9008011221885681,0.49082815647125244,1.6835483312606812,0.3725852966308594,1.957211971282959,1.957211971282959,2.1141090393066406,2.1141090393066406,0.3008832335472107,0.30874425172805786,2.8303933143615723,2.8303933143615723,1.189013957977295,1.3485691547393799,1.3104181289672852,0.9456523060798645,1.6738096475601196,1.6738096475601196,2.1329264640808105,2.6283180713653564,0.925736129283905
1.319636583328247,1.898437738418579,0.5349178910255432,2.7233216762542725,2.7233216762542725,1.0600228309631348,0.1863432377576828,1.5412884950637817,1.5412884950637817,0.8606129288673401,0.8606129288673401,0.38554060459136963,0.01455146074295044,0.3830881714820862,0.8823950290679932,0.6591160297393799,1.326001524925232,1.2309067249298096,0.9040147662162781,0.3278735876083374,0.8328980207443237,1.6297972202301025,1.7957649230957031,1.7957649230957031,2.288362741470337,2.288362741470337,1.7059731483459473
3.22609806060791,3.22609806060791,2.2451043128967285,1.9891865253448486,2.636483907699585,2.636483907699585,0.9112437963485718,1.214651346206665,1.214651346206665,0.8606129288673401,0.8606129288673401,0.910574734210968,0.910574734210968,2.0928823947906494,0.974390983581543,0.9259913563728333,0.7500200271606445,0.19692592322826385,0.20325316488742828,1.1409229040145874,1.6144981384277344,1.89315927028656,1.89315927028656,1.7957649230957031,2.288362741470337,3.414564847946167,1.7059731483459473
3.22609806060791,3.3542640209198,3.3542640209198,2.9930789470672607,1.250539779663086,1.164599061012268,1.5169926881790161,1.5169926881790161,0.9594275951385498,1.5993702411651611,1.5815109014511108,0.910574734210968,0.910574734210968,2.0928823947906494,1.9594528675079346,1.9594528675079346,0.7873306274414062,0.7542116045951843,1.472812294960022,1.7462033033370972,1.7462033033370972,2.3262569904327393,4.2636847496032715,1.668797492980957,1.668797492980957,3.6294631958007812,3.6294631958007812
2.365826368331909,2.0758094787597656,2.2158632278442383,0.4702067971229553,2.2785451412200928,2.2785451412200928,2.7061545848846436,1.5769237279891968,1.5769237279891968,1.5815109014511108,1.5815109014511108,0.80130535364151,1.381379246711731,1.2896262407302856,1.9594528675079346,1.9594528675079346,0.7873306274414062,0.7542116045951843,1.472812294960022,1.472812294960022,0.7103796601295471,2.3262569904327393,4.46630859375,4.46630859375,1.9802050590515137,3.305803060531616,2.0949573516845703
2.365826368331909,2.0758094787597656,6.422581195831299,2.2941231727600098,2.2785451412200928,2.2785451412200928,2.7061545848846436,1.5769237279891968,4.207078456878662,2.4319417476654053,1.536102533340454,1.3546638488769531,1.3546638488769531,0.8804340958595276,0.8370131850242615,0.8888756036758423,0.8888756036758423,3.932002067565918,3.932002067565918,2.3068220615386963,0.841681718826294,1.5839958190917969,3.0301873683929443,2.390066623687744,2.0355708599090576,3.3088250160217285,1.0358794927597046
4.469876766204834,1.9831829071044922,1.9662585258483887,3.67541241645813,2.1661128997802734,2.1661128997802734,2.8368988037109375,1.6246711015701294,1.6246711015701294,1.536102533340454,1.536102533340454,1.3546638488769531,1.3546638488769531,0.8620683550834656,2.2794532775878906,0.8888756036758423,3.6251726150512695,3.932002067565918,3.932002067565918,2.3068220615386963,2.2638440132141113,2.2638440132141113,3.0301873683929443,2.390066623687744,1.495760440826416,3.3088250160217285,1.1447843313217163
4.984644412994385,4.984644412994385,3.526932954788208,2.8533694744110107,4.793363571166992,1.7587782144546509,4.421335697174072,4.421335697174072,0.9144954085350037,1.1905404329299927,3.7357850074768066,3.7357850074768066,2.7968273162841797,1.2536085844039917,2.2794532775878906,2.0940957069396973,3.6251726150512695,1.4638961553573608,1.4638961553573608,2.6123239994049072,2.2199997901916504,3.0005669593811035,4.705029010772705,4.705029010772705,0.9741302728652954,0.8590162396430969,1.1447843313217163
4.984644412994385,4.984644412994385,4.461575984954834,4.461575984954834,4.793363571166992,3.784005641937256,4.421335697174072,4.421335697174072,3.147876739501953,1.922736644744873,4.159421920776367,2.326303243637085,1.9458401203155518,2.2159290313720703,2.2159290313720703,2.0411055088043213,0.9406788945198059,1.2235339879989624,1.909649133682251,2.6123239994049072,2.0079455375671387,2.521493673324585,4.705029010772705,4.705029010772705,1.138918399810791,1.138918399810791,1.0607024431228638
2.5818068981170654,6.406800270080566,6.406800270080566,7.553843975067139,5.043381214141846,5.330687999725342,5.330687999725342,3.147876739501953,4.619360446929932,1.922736644744873,4.159421920776367,2.326303243637085,3.7480709552764893,2.2159290313720703,2.2159290313720703,4.5935564041137695,2.138396739959717,3.338697910308838,2.662928581237793,2.0162689685821533,2.488237142562866,2.488237142562866,0.662092924118042,1.0844206809997559,3.3208930492401123,3.3208930492401123,2.719500780105591
5.842055320739746,8.09223747253418,8.09223747253418,7.553843975067139,2.0681610107421875,2.345775842666626,4.580785274505615,4.580785274505615,1.4312134981155396,2.7819485664367676,2.7819485664367676,1.8948298692703247,3.7480709552764893,1.9539916515350342,2.8337290287017822,2.138396739959717,2.138396739959717,3.338697910308838,2.0162689685821533,2.0162689685821533,2.488237142562866,2.7378463745117188,5.9791035652160645,1.7166595458984375,3.3208930492401123,3.423654794692993,3.3629150390625
9.60360050201416,8.09223747253418,8.09223747253418,5.408262252807617,5.408262252807617,3.435930013656616,3.435930013656616,3.3054358959198,1.8555855751037598,3.499239683151245,3.499239683151245,2.873918294906616,1.2800378799438477,3.7647147178649902,2.8337290287017822,1.8288071155548096,1.1814740896224976,1.8057034015655518,1.7376372814178467,1.3922337293624878,1.0781760215759277,4.084628105163574,3.907938003540039,3.7796201705932617,1.5401856899261475,1.4402974843978882,3.3629150390625
6.452932357788086,6.452932357788086,4.900790691375732,8.87672233581543,8.87672233581543,3.435930013656616,3.435930013656616,3.0559709072113037,3.7800750732421875,2.266559600830078,1.6249970197677612,1.6249970197677612,0.7637402415275574,3.7647147178649902,0.7724523544311523,0.3970433473587036,0.7554242014884949,2.4713540077209473,2.4713540077209473,1.7450587749481201,1.7450587749481201,3.907938003540039,3.907938003540039,3.181772470474243,3.372661828994751,2.7218499183654785,1.6474220752716064
5.8406829833984375,5.8406829833984375,2.7851529121398926,2.7851529121398926,1.5139776468276978,1.7505059242248535,6.149474143981934,6.149474143981934,2.266559600830078,2.266559600830078,1.6249970197677612,1.6249970197677612,0.6880448460578918,0.5487995147705078,0.5717815160751343,0.4231061339378357,2.141704797744751,4.416366100311279,4.416366100311279,2.176060914993286,1.7450587749481201,2.948317527770996,3.3564858436584473,1.8694519996643066,3.1940011978149414,3.1940011978149414,1.9218013286590576
0.979627251625061,0.6068074703216553,0.5668394565582275,0.4697887897491455,0.4747488498687744,1.309499979019165,1.6411619186401367,4.964570045471191,4.964570045471191,4.53772497177124,4.53772497177124,2.1221084594726562,0.5807768702507019,0.5079675316810608,0.6613537073135376,0.4231061339378357,2.141704797744751,2.7646310329437256,2.55153226852417,1.231368899345398,1.6529377698898315,0.507121205329895,2.7057015895843506,1.9215993881225586,3.1940011978149414,5.158790588378906,7.147214889526367
0.979627251625061,2.5069806575775146,3.0085813999176025,1.275514006614685,1.275514006614685,1.309499979019165,1.309499979019165,0.2809036374092102,3.2385172843933105,4.53772497177124,5.342598915100098,5.342598915100098,0.48590636253356934,0.4661713242530823,1.2125604152679443,2.1101272106170654,2.1101272106170654,2.55153226852417,2.55153226852417,1.0306732654571533,1.7284775972366333,2.1243674755096436,2.1243674755096436,2.38864803314209,2.38864803314209,4.414466857910156,7.147214889526367
1.3055278062820435,2.5069806575775146,3.0085813999176025,1.275514006614685,1.275514006614685,1.2348777055740356,0.9854284524917603,0.2809036374092102,3.004312753677368,8.797491073608398,5.342598915100098,5.342598915100098,2.4019362926483154,1.617954969406128,1.366180181503296,1.366180181503296,2.619399070739746,3.0648937225341797,2.1568901538848877,2.456969976425171,2.456969976425171,2.1243674755096436,2.1243674755096436,2.569697380065918,2.670264720916748,4.53462553024292,2.4642574787139893
1.3055278062820435,3.2244439125061035,2.0184319019317627,0.9048271179199219,0.8497130870819092,1.2348777055740356,1.6174328327178955,1.6174328327178955,3.07269287109375,8.797491073608398,6.669036865234375,3.1930830478668213,2.4019362926483154,2.689276695251465,6.873018741607666,2.8723669052124023,1.155601143836975,7.98388147354126,1.6762772798538208,2.456969976425171,2.456969976425171,0.5777238607406616,1.3081282377243042,2.569697380065918,2.670264720916748,5.478139877319336,4.336292266845703

Channel 17
2.199650526046753,3.2959818840026855,3.373671770095825,2.9269473552703857,1.8165379762649536,2.2605316638946533,1.4640579223632812,1.1707385778427124,1.1493234634399414,1.4597996473312378,0.0,0.0,0.7090539932250977,1.9945766925811768,0.5165524482727051,0.11234617233276367,2.2561542987823486,0.3721694052219391,0.9248536229133606,0.9248536229133606,0.4413742125034332,2.5699429512023926,2.6732547283172607,2.8464057445526123,4.073878765106201,6.381223678588867,5.137514114379883
1.9206528663635254,1.9206528663635254,1.5936826467514038,0.3034721612930298,0.3034721612930298,0.0,0.3683278262615204,0.7164957523345947,1.3336091041564941,0.0,1.742948293685913,1.149290919303894,2.087212085723877,2.087212085723877,1.8497165441513062,2.3955535888671875,2.2561542987823486,2.16365647315979,0.2697265148162842,0.551942765712738,1.8952947854995728,0.6659889221191406,3.330374240875244,3.330374240875244,3.587981700897217,2.616004467010498,1.1506460905075073
3.065067768096924,2.193721294403076,0.0,0.3034721612930298,0.3034721612930298,0.9300828576087952,1.0248581171035767,0.5556170344352722,0.9743496775627136,1.760144829750061,2.077624797821045,3.2714555263519287,1.34846830368042,1.875134825706482,2.176483631134033,2.3955535888671875,2.16365647315979,2.16365647315979,1.780615210533142,0.0,0.13273978233337402,0.0,2.763016939163208,2.763016939163208,1.1897220611572266,0.6220996379852295,1.1506460905075073
3.065067768096924,2.193721294403076,0.06672294437885284,0.6030575633049011,0.6030575633049011,0.9440531730651855,1.0248581171035767,0.6884031295776367,1.1686046123504639,0.9568018317222595,2.077624797821045,3.2714555263519287,1.506754755973816,2.2563862800598145,3.010349988937378,2.840527057647705,3.115302562713623,1.780615210533142,1.780615210533142,2.710444927215576,2.6799209117889404,2.9681506156921387,2.9681506156921387,2.763016939163208,0.6337763667106628,1.7824474573135376,1.7824474573135376
3.917062520980835,1.5596529245376587,0.0,0.0,0.0,0.0,0.6279416680335999,0.5145878791809082,0.0,2.191970109939575,2.9737706184387207,2.26823091506958,2.26823091506958,5.200109004974365,5.200109004974365,0.9898244738578796,2.0392720699310303,1.8634778261184692,3.1507091522216797,2.710444927215576,2.6799209117889404,1.2958391904830933,1.2958391904830933,0.8589701056480408,0.8589701056480408,2.0588889122009277,2.215688943862915
0.13107728958129883,1.0830333232879639,1.0830333232879639,0.0,0.0,2.3109068870544434,2.3109068870544434,1.9899429082870483,1.9899429082870483,0.0760817602276802,0.37574225664138794,1.7142316102981567,1.7930185794830322,5.200109004974365,5.200109004974365,0.9487615823745728,2.0392720699310303,1.8634778261184692,1.3970270156860352,0.7379675507545471,1.7068102359771729,1.8657810688018799,1.8657810688018799,0.3595973253250122,0.0,2.0588889122009277,3.3853821754455566
1.926146149635315,0.37311553955078125,1.6953848600387573,1.6953848600387573,0.31160277128219604,2.3109068870544434,2.3109068870544434,0.8328438401222229,1.7472032308578491,1.2433348894119263,1.0082231760025024,1.7333354949951172,2.234373092651367,2.170698642730713,3.850343704223633,3.4863314628601074,1.4494614601135254,1.8440556526184082,1.3970270156860352,3.0232386589050293,3.0232386589050293,0.9169298410415649,4.700227737426758,4.700227737426758,4.9186530113220215,4.537510871887207,2.1418445110321045
0.8826186656951904,1.0401102304458618,1.6953848600387573,1.6953848600387573,0.15485946834087372,0.3364676535129547,0.31465792655944824,0.8328438401222229,1.7472032308578491,1.2433348894119263,0.9015389084815979,0.9015389084815979,0.0,0.07695205509662628,0.41260457038879395,0.2878073751926422,0.0,0.0,0.0,0.0,0.0,0.9053027033805847,4.700227737426758,4.700227737426758,2.314958333969116,2.314958333969116,1.90678870677948
0.1594318002462387,1.0401102304458618,0.976895272731781,1.4883919954299927,1.1064687967300415,1.1064687967300415,1.8821767568588257,1.8821767568588257,2.2621357440948486,2.810326337814331,0.7429757714271545,1.5934480428695679,1.5934480428695679,0.0,0.2878073751926422,0.6356826424598694,0.7443579435348511,0.5243654251098633,2.8499889373779297,2.8499889373779297,1.1912903785705566,2.429309368133545,1.7370139360427856,0.6783564686775208,1.773324966430664,1.773324966430664,2.823082685470581
2.1913578510284424,2.1913578510284424,0.43715646862983704,0.8567750453948975,1.4413411617279053,1.2414824962615967,1.8821767568588257,1.8821767568588257,2.142245292663574,2.142245292663574,0.3712993264198303,0.7265116572380066,0.5538943409919739,2.1098430156707764,2.1098430156707764,0.8832420110702515,2.5357863903045654,2.964416980743408,2.862679958343506,2.8499889373779297,2.6870181560516357,2.373293399810791,0.5961686968803406,0.790387749671936,4.587268352508545,4.587268352508545,3.210846424102783
0.37947383522987366,1.3887057304382324,0.4348820149898529,2.3732128143310547,2.6426146030426025,1.2414824962615967,0.0,0.0,0.03983396664261818,1.1504523754119873,2.899158477783203,2.899158477783203,0.4478258192539215,1.3609132766723633,1.3609132766723633,0.34617090225219727,1.8179874420166016,2.462177038192749,1.9286490678787231,1.962807059288025,2.6870181560516357,2.840411424636841,5.434011459350586,3.491121530532837,4.314879894256592,4.314879894256592,3.210846424102783
0.1181534081697464,0.09751631319522858,0.9289488792419434,0.9289488792419434,0.6662896871566772,1.856689691543579,1.856689691543579,2.4905223846435547,2.4905223846435547,0.5461253523826599,0.5791642665863037,0.0,0.0,0.0,0.45156577229499817,0.4903733730316162,0.522252082824707,0.8843592405319214,1.133474349975586,1.133474349975586,1.5054692029953003,2.2201151847839355,3.0541725158691406,2.815538167953491,2.7589175701141357,2.7589175701141357,2.3819878101348877
0.18417896330356598,0.45876064896583557,3.3350157737731934,3.3350157737731934,0.9777562618255615,1.424653172492981,0.9642122983932495,2.4905223846435547,2.4905223846435547,0.0,0.0,1.6616417169570923,1.9592163562774658,1.4798823595046997,1.1647257804870605,1.02619469165802,0.38032183051109314,0.4764452874660492,1.757800817489624,3.2461342811584473,2.778102397918701,1.303636074066162,2.3368005752563477,3.1334152221679688,2.9257566928863525,5.09600830078125,5.09600830078125
1.247521996498108,0.45876064896583557,3.3350157737731934,3.3350157737731934,2.2168703079223633,3.393915891647339,2.66255784034729,1.416015386581421,0.3732098937034607,0.7604392170906067,1.52468740940094,2.0510075092315674,1.9592163562774658,1.4798823595046997,0.9328904747962952,1.02619469165802,2.2972166538238525,2.2972166538238525,1.757800817489624,3.2461342811584473,3.176726818084717,3.176726818084717,2.3368005752563477,3.0384883880615234,4.890412330627441,8.633177757263184,6.142340183258057
5.4913458824157715,5.4913458824157715,1.4932337999343872,0.5570446848869324,2.2168703079223633,3.393915891647339,2.66255784034729,1.416015386581421,0.015539486892521381,0.854688286781311,1.52468740940094,1.2518130540847778,0.09656024724245071,0.9000629186630249,2.4749746322631836,2.9744760990142822,2.803513765335083,2.2972166538238525,2.481940984725952,4.979061126708984,5.455414295196533,3.266469955444336,3.266469955444336,3.0384883880615234,5.883839130401611,5.883839130401611,3.099395990371704
5.4913458824157715,9.094181060791016,9.094181060791016,4.491978168487549,4.380710601806641,1.4450604915618896,1.7563767433166504,1.7563767433166504,3.031130790710449,3.031130790710449,2.6005516052246094,4.167881488800049,4.461461544036865,3.7461423873901367,3.7270843982696533,3.7270843982696533,2.803513765335083,2.9235458374023438,2.481940984725952,4.979061126708984,5.455414295196533,2.1762139797210693,2.7526540756225586,8.421152114868164,9.776280403137207,7.434571266174316,0.6834290623664856
2.6663317680358887,9.094181060791016,9.094181060791016,0.9526932835578918,2.4932172298431396,4.688656330108643,4.3112969398498535,1.7563767433166504,2.079005241394043,1.7322044372558594,2.6005516052246094,4.167881488800049,4.461461544036865,3.7461423873901367,2.937412977218628,2.433094024658203,2.433094024658203,3.6684937477111816,2.54447865486145,2.4631459712982178,3.048102617263794,2.2707881927490234,8.684781074523926,9.231966972351074,9.348287582397461,4.298774719238281,0.36110708117485046
1.532814383506775,0.548914909362793,3.562056303024292,6.595016002655029,5.494112014770508,0.782379686832428,2.19592022895813,3.1509053707122803,1.8079663515090942,1.7322044372558594,4.18949556350708,2.885188341140747,3.2221782207489014,3.2221782207489014,2.937412977218628,3.0071136951446533,3.0071136951446533,3.6684937477111816,2.54447865486145,2.689265251159668,11.278939247131348,12.310257911682129,10.604374885559082,8.684781074523926,3.3790295124053955,0.5563677549362183,1.534217119216919
1.9580073356628418,1.8533662557601929,4.007606029510498,6.931734085083008,7.397336483001709,7.193111896514893,8.951224327087402,7.2599687576293945,1.8079663515090942,1.5685425996780396,2.601235866546631,2.876807928085327,2.876807928085327,0.0,0.7960289120674133,3.0071136951446533,3.0071136951446533,3.74896502494812,11.657665252685547,11.657665252685547,11.278939247131348,12.310257911682129,10.604374885559082,0.36985111236572266,0.0,0.5563677549362183,1.534217119216919
5.001035690307617,5.114800453186035,4.897423267364502,2.0965576171875,5.52678108215332,14.252402305603027,14.252402305603027,12.69124984741211,12.374551773071289,8.111021995544434,5.482676029205322,5.07125186920166,5.392844200134277,6.1392292976379395,6.1392292976379395,4.565596580505371,8.48639965057373,16.308263778686523,16.308263778686523,11.657665252685547,9.066638946533203,1.7889662981033325,1.8573663234710693,5.863632678985596,5.863632678985596,1.3388888835906982,0.669826328754425
5.001035690307617,5.114800453186035,4.897423267364502,1.015680193901062,3.280360698699951,3.764267683029175,4.571221828460693,10.29417610168457,12.374551773071289,8.111021995544434,5.482676029205322,5.07125186920166,5.392844200134277,6.1392292976379395,6.1392292976379395,0.8972916007041931,3.624990224838257,7.359504222869873,7.359504222869873,1.2329157590866089,0.0,4.9096527099609375,6.55558443069458,5.863632678985596,5.863632678985596,1.3712139129638672,2.280552864074707
2.7202770709991455,2.684211254119873,1.015680193901062,1.015680193901062,0.19868533313274384,0.19868533313274384,0.0,0.0,0.0,0.6532154083251953,0.6532154083251953,5.374252796173096,5.374252796173096,5.018770217895508,0.05947471037507057,0.16183696687221527,0.0,0.0,0.0,1.696965217590332,3.442577362060547,4.9096527099609375,6.55558443069458,4.158919334411621,5.414947509765625,5.414947509765625,0.25232189893722534
1.264276146888733,0.0,0.0,2.093358039855957,2.248934745788574,1.531665325164795,0.45006853342056274,0.0,0.0,0.9367122054100037,1.998962640762329,5.374252796173096,5.374252796173096,0.2571064531803131,0.0,0.0,0.0,0.0,0.0,2.1670141220092773,3.442577362060547,3.6536521911621094,2.760150909423828,2.760150909423828,4.423641204833984,4.423641204833984,1.832509994506836
2.7656805515289307,0.0,1.2315951585769653,1.2887489795684814,1.2887489795684814,0.5415975451469421,0.45006853342056274,0.5257319211959839,8.544486045837402,8.544486045837402,0.3604927659034729,0.3486478924751282,0.0,0.0,0.0,0.32746776938438416,1.6287091970443726,1.0817254781723022,3.6899254322052,3.6899254322052,1.5657925605773926,1.0429637432098389,4.222517013549805,4.222517013549805,2.17429256439209,1.28778874874115,1.2357836961746216
2.7656805515289307,1.410377025604248,1.2315951585769653,1.2887489795684814,1.2887489795684814,0.7802209258079529,1.3847373723983765,1.3847373723983765,8.544486045837402,8.544486045837402,1.8278815746307373,1.3121864795684814,0.2660481333732605,1.8086034059524536,2.1642844676971436,2.215210199356079,3.8451082706451416,6.049926280975342,6.049926280975342,3.1697347164154053,1.5657925605773926,0.6009550094604492,1.1662997007369995,2.023653745651245,1.99745774269104,1.229077696800232,1.2357836961746216
3.6009128093719482,3.6009128093719482,1.8460825681686401,0.7968617677688599,1.3119758367538452,2.196733236312866,2.196733236312866,1.6001859903335571,2.5765931606292725,4.148231506347656,10.015219688415527,10.015219688415527,5.471847057342529,5.105605125427246,2.9620087146759033,8.4346342086792,10.666312217712402,10.666312217712402,10.575966835021973,3.1697347164154053,0.6356177926063538,1.2837518453598022,0.9953671097755432,0.9037122130393982,0.6173986792564392,0.6173986792564392,2.193955183029175
0.4690868854522705,1.8460825681686401,1.8460825681686401,0.7968617677688599,1.1429592370986938,2.196733236312866,2.196733236312866,1.6106117963790894,3.5606160163879395,9.160441398620605,13.167370796203613,12.192468643188477,10.229055404663086,12.64443302154541,12.64443302154541,11.062572479248047,10.666312217712402,10.666312217712402,4.267817497253418,0.8424670100212097,0.00788545235991478,0.01161022949963808,0.0,0.0,0.20414969325065613,0.20414969325065613,1.8834853172302246

Channel 18
3.091675281524658,3.091675281524658,2.972180128097534,2.9522554874420166,3.6672229766845703,2.1825203895568848,4.438945770263672,0.8501493334770203,0.8501493334770203,2.0748443603515625,2.0748443603515625,2.5315487384796143,2.6516759395599365,0.8295982480049133,3.387160062789917,3.018552541732788,3.018552541732788,2.3499388694763184,2.3980512619018555,2.3980512619018555,4.704611301422119,2.96065354347229,0.7611953020095825,1.332680583000183,1.332680583000183,0.48121944069862366,3.004100799560547
2.1631550788879395,2.972180128097534,2.972180128097534,2.0375068187713623,2.6392931938171387,1.689194917678833,1.3954287767410278,2.783576488494873,2.783576488494873,2.0748443603515625,2.981321334838867,1.981353998184204,2.219197988510132,1.258368730545044,3.387160062789917,2.5537936687469482,2.3499388694763184,2.3499388694763184,1.4449489116668701,3.250943183898926,4.704611301422119,0.7611953020095825,4.869456768035889,4.869456768035889,2.5162551403045654,1.7813137769699097,0.911681592464447
1.5297932624816895,1.0359076261520386,1.0359076261520386,2.820627212524414,2.820627212524414,2.331458806991577,2.331458806991577,1.416257619857788,1.416257619857788,3.394925117492676,2.981321334838867,1.981353998184204,1.2362152338027954,2.4465487003326416,2.4465487003326416,2.239703416824341,2.239703416824341,2.68583345413208,1.175266981124878,3.250943183898926,2.7817113399505615,4.3713459968566895,6.232000350952148,3.271541118621826,4.049324035644531,1.3896396160125732,0.911681592464447
3.5181286334991455,2.4318525791168213,1.154890537261963,3.2296202182769775,3.2296202182769775,2.331458806991577,2.331458806991577,0.8683193325996399,1.9083566665649414,1.5679917335510254,1.5679917335510254,1.8168648481369019,1.4660106897354126,2.593855619430542,2.4465487003326416,2.239703416824341,2.239703416824341,3.6529958248138428,3.6529958248138428,2.060976982116699,1.795741319656372,4.3713459968566895,3.9177684783935547,3.271541118621826,4.049324035644531,1.1541084051132202,0.9470118880271912
2.565213680267334,2.137866258621216,1.154890537261963,3.2296202182769775,3.2296202182769775,0.7787138819694519,0.8683193325996399,1.2777228355407715,1.2777228355407715,1.5679917335510254,1.5679917335510254,1.8168648481369019,1.441919207572937,2.3955142498016357,0.6668676137924194,1.4968092441558838,2.240389585494995,3.6529958248138428,3.6529958248138428,1.795741319656372,2.157438039779663,3.740891933441162,3.740891933441162,3.5425071716308594,2.9858639240264893,1.3804867267608643,0.9470118880271912
4.101421356201172,2.370009422302246,1.385084629058838,0.7239583730697632,1.0292880535125732,3.4520678520202637,1.0618984699249268,1.2777228355407715,1.2777228355407715,3.633883476257324,3.633883476257324,2.1316306591033936,2.1316306591033936,1.1373953819274902,1.1373953819274902,0.9434632658958435,3.074312686920166,3.074312686920166,0.47577783465385437,1.5049901008605957,1.3024262189865112,3.740891933441162,3.740891933441162,3.5425071716308594,2.9858639240264893,1.1680279970169067,2.6809167861938477
4.101421356201172,2.8963255882263184,1.5609570741653442,0.3227265775203705,0.054071344435214996,3.4520678520202637,0.6643291115760803,0.6255193948745728,1.3185368776321411,3.633883476257324,3.633883476257324,2.1316306591033936,2.1316306591033936,1.8859623670578003,0.5129395723342896,0.28097590804100037,3.074312686920166,3.074312686920166,0.47577783465385437,1.799330472946167,1.799330472946167,0.8939101099967957,6.557161808013916,1.5052865743637085,3.450148582458496,3.2499072551727295,2.6809167861938477
3.21681809425354,3.21681809425354,3.501415252685547,3.501415252685547,2.4729020595550537,2.4729020595550537,0.627801775932312,0.627801775932312,1.8375917673110962,1.4530143737792969,1.1857733726501465,1.2666462659835815,1.8859623670578003,1.8859623670578003,2.19399094581604,1.0100239515304565,1.068199872970581,1.719603419303894,1.719603419303894,1.5598461627960205,0.6099445223808289,1.3116761445999146,1.2348601818084717,1.5052865743637085,3.2025561332702637,6.551811695098877,1.3984460830688477
3.21681809425354,3.21681809425354,3.501415252685547,3.501415252685547,2.4729020595550537,2.4729020595550537,1.2201176881790161,1.0849946737289429,1.8375917673110962,1.1857733726501465,1.1857733726501465,1.2666462659835815,0.5517578125,0.9249162077903748,1.0100239515304565,1.0100239515304565,1.068199872970581,1.3139162063598633,1.610150933265686,1.5598461627960205,4.714578151702881,4.714578151702881,2.9346749782562256,1.144050121307373,3.2025561332702637,6.246726989746094,6.246726989746094
3.7043418884277344,3.7043418884277344,1.2206951379776,1.7989627122879028,1.7989627122879028,1.0764167308807373,1.2201176881790161,1.0849946737289429,0.04397352784872055,0.504938542842865,0.5093802809715271,0.9462524056434631,0.8768903017044067,0.9249162077903748,0.2895600199699402,0.4787857234477997,1.6686794757843018,1.6686794757843018,0.8385339975357056,1.1364943981170654,1.1364943981170654,4.234400272369385,4.234400272369385,2.398024559020996,2.956651449203491,4.4496331214904785,4.4496331214904785
1.4296706914901733,0.5531824231147766,0.5531824231147766,1.7989627122879028,1.7989627122879028,1.7522944211959839,1.043448805809021,1.9396421909332275,1.9396421909332275,0.31338587403297424,1.1420190334320068,0.5121488571166992,0.24948668479919434,0.09137564152479172,1.0528777837753296,1.0528777837753296,0.08831769973039627,0.6659085750579834,0.14705640077590942,1.1364943981170654,2.705582618713379,4.234400272369385,4.234400272369385,2.398024559020996,2.4382197856903076,4.4496331214904785,4.4496331214904785
9.99777603149414,4.53023624420166,2.232250690460205,0.8615593910217285,0.6581227779388428,1.7522944211959839,0.39680802822113037,1.9396421909332275,1.9396421909332275,0.31195083260536194,0.15375015139579773,0.5148800015449524,0.9818429350852966,1.0322693586349487,2.103809356689453,2.103809356689453,0.49733325839042664,0.057149745523929596,0.2909896969795227,0.14705640077590942,2.705582618713379,2.705582618713379,1.2659472227096558,2.421092987060547,3.6057279109954834,6.042020797729492,6.042020797729492
9.99777603149414,2.476794958114624,4.509311676025391,4.435100078582764,4.435100078582764,0.9997368454933167,0.9997368454933167,0.917792022228241,2.733602285385132,1.3340873718261719,1.9293384552001953,1.9293384552001953,0.9818429350852966,2.6206400394439697,1.2555004358291626,1.326512098312378,0.8171399831771851,0.8171399831771851,2.827878475189209,2.827878475189209,1.5464175939559937,1.719878077507019,5.443615436553955,5.443615436553955,3.754575729370117,2.687598705291748,0.4932346045970917
4.147276878356934,4.147276878356934,1.3905093669891357,1.3905093669891357,1.4800931215286255,1.4800931215286255,1.7153887748718262,1.7153887748718262,3.197434902191162,3.197434902191162,1.3284575939178467,0.6725988984107971,1.554185390472412,2.6206400394439697,1.2667309045791626,1.326512098312378,2.5752928256988525,0.8171399831771851,0.9967787861824036,1.0931698083877563,1.7100948095321655,3.113840103149414,2.0324268341064453,1.1977033615112305,3.754575729370117,3.138394832611084,1.2621018886566162
4.147276878356934,7.043553352355957,7.043553352355957,2.098545551300049,1.4800931215286255,1.4800931215286255,1.2364658117294312,1.2364658117294312,1.6619839668273926,6.147321701049805,1.7786517143249512,0.6725988984107971,1.2714457511901855,0.5541544556617737,1.2667309045791626,0.6181256175041199,0.9179428219795227,0.9112216830253601,2.905431032180786,1.6351767778396606,2.458458185195923,2.4780759811401367,2.4780759811401367,3.025264024734497,4.186061859130859,4.186061859130859,0.7987469434738159
1.3922383785247803,7.095014572143555,6.192084312438965,6.192084312438965,4.337375640869141,4.129166603088379,2.579984426498413,1.2364658117294312,1.6619839668273926,1.6619839668273926,1.413540005683899,1.098472237586975,0.4265037477016449,0.5899234414100647,1.5762354135513306,1.5762354135513306,2.7822771072387695,2.7822771072387695,1.3579670190811157,1.2177070379257202,6.577932357788086,6.577932357788086,2.4780759811401367,0.9841457009315491,6.353615760803223,4.186061859130859,1.580957055091858
1.1336785554885864,6.983746528625488,6.983746528625488,6.192084312438965,3.6744372844696045,3.271019458770752,2.5822319984436035,0.8188965320587158,0.8146286606788635,1.2114404439926147,1.2114404439926147,1.1942378282546997,2.0014290809631348,1.6087079048156738,1.6087079048156738,2.338984489440918,3.010183572769165,3.010183572769165,1.8215065002441406,2.86979079246521,6.577932357788086,6.577932357788086,3.335395574569702,2.764894723892212,2.4016668796539307,3.276590347290039,2.4790232181549072
2.1154401302337646,2.1154401302337646,3.5022966861724854,3.6744372844696045,3.6744372844696045,2.7124571800231934,2.7124571800231934,2.6772172451019287,2.4556007385253906,2.4556007385253906,1.5767583847045898,2.1156890392303467,2.1156890392303467,2.032005548477173,3.329526901245117,4.762753963470459,4.762753963470459,3.010183572769165,2.0946145057678223,2.86979079246521,1.8940043449401855,3.335395574569702,3.335395574569702,1.7746628522872925,1.7746628522872925,2.676464319229126,3.5743889808654785
3.7407164573669434,3.7097890377044678,4.430721282958984,4.430721282958984,2.8491437435150146,2.8491437435150146,1.6041767597198486,2.6772172451019287,2.882000207901001,2.4556007385253906,2.114622116088867,2.114622116088867,1.4979664087295532,1.4979664087295532,3.329526901245117,4.762753963470459,4.762753963470459,1.958693504333496,1.958693504333496,2.2926857471466064,2.2926857471466064,1.2323188781738281,1.2323188781738281,1.7746628522872925,2.7942800521850586,2.7942800521850586,3.5743889808654785
3.7097890377044678,6.031616687774658,6.492826461791992,4.430721282958984,3.916896343231201,7.215268135070801,2.2944319248199463,4.370476245880127,3.8776321411132812,3.8776321411132812,4.386555194854736,2.114622116088867,1.294309139251709,1.294309139251709,0.9955057501792908,0.5205296277999878,0.48516175150871277,0.5807371139526367,1.0542269945144653,0.5495961904525757,0.23671147227287292,1.309633731842041,1.309633731842041,1.746346116065979,7.724936485290527,7.724936485290527,6.094297885894775
4.77561092376709,3.537745714187622,6.492826461791992,5.701589584350586,4.06303071975708,13.66183090209961,13.66183090209961,2.606945753097534,3.8776321411132812,3.8776321411132812,4.386555194854736,1.7607892751693726,0.6010177731513977,0.9955057501792908,1.8637559413909912,1.8637559413909912,1.9793310165405273,1.9793310165405273,3.6277577877044678,3.6277577877044678,0.7628380656242371,1.5172020196914673,1.9088761806488037,4.341146945953369,4.341146945953369,2.3540382385253906,2.072492837905884
4.77561092376709,3.5228567123413086,4.228166103363037,4.228166103363037,1.0910815000534058,5.249432563781738,7.819094181060791,9.947425842285156,2.229687452316284,1.221927285194397,1.221927285194397,0.7353122234344482,1.0778101682662964,0.42519494891166687,0.7533361911773682,0.5158496499061584,1.9793310165405273,3.820617198944092,3.1710009574890137,2.5411527156829834,0.7628380656242371,1.5172020196914673,1.62997567653656,1.62997567653656,1.9199309349060059,2.072492837905884,2.072492837905884
0.8025986552238464,1.7419276237487793,1.072075366973877,0.31458404660224915,0.5037767887115479,5.249432563781738,7.819094181060791,1.8369680643081665,1.9277667999267578,7.797275066375732,7.797275066375732,0.5413787961006165,0.29406410455703735,0.23556417226791382,0.22053301334381104,0.2792564332485199,0.7757418155670166,3.1710009574890137,3.1710009574890137,2.5411527156829834,1.2081393003463745,2.378688097000122,2.378688097000122,1.111902117729187,3.0271084308624268,0.7994410395622253,3.574389934539795
0.8025986552238464,0.12919744849205017,0.5263704061508179,0.2663908004760742,0.32918277382850647,0.32918277382850647,1.8369680643081665,2.216991424560547,3.062056541442871,7.759278297424316,7.759278297424316,0.4118405282497406,0.4118405282497406,0.3698814809322357,0.3320075571537018,0.5521201491355896,3.7570512294769287,2.909820556640625,3.2829556465148926,2.19746732711792,1.2081393003463745,2.378688097000122,2.378688097000122,2.6442346572875977,3.0271084308624268,2.779175281524658,0.8751063346862793
0.4148359000682831,0.40301933884620667,0.5263704061508179,0.45338764786720276,0.40302714705467224,0.35245686769485474,0.35245686769485474,1.463276982307434,2.3192248344421387,2.5109479427337646,3.8223917484283447,2.331742286682129,0.3698814809322357,0.3698814809322357,0.1306418478488922,1.3336615562438965,3.7570512294769287,2.909820556640625,3.2829556465148926,1.2713149785995483,1.2534033060073853,2.360537052154541,0.2613486349582672,2.6442346572875977,1.3049010038375854,2.779175281524658,2.0697431564331055
0.38314512372016907,2.1262245178222656,1.0170785188674927,1.0170785188674927,0.5339585542678833,0.8028326034545898,0.8028326034545898,0.28594323992729187,0.7421225905418396,4.229084491729736,3.8223917484283447,3.7681641578674316,0.5738174915313721,1.786510705947876,0.7544318437576294,2.03999924659729,2.4669415950775146,3.0515246391296387,1.5959758758544922,1.5959758758544922,1.3333848714828491,2.360537052154541,0.7377663254737854,1.3415452241897583,1.3415452241897583,1.4569107294082642,2.4790656566619873
2.506272792816162,4.140976428985596,4.140976428985596,1.5552266836166382,0.8539494872093201,0.6538808345794678,0.21319478750228882,1.4907221794128418,1.6813957691192627,4.229084491729736,1.8463940620422363,3.320171356201172,5.84721040725708,5.84721040725708,6.079957008361816,6.079957008361816,5.7517595291137695,5.7517595291137695,1.5959758758544922,1.8165048360824585,1.7941484451293945,0.3653470575809479,0.06151377409696579,0.6072424054145813,0.4900555908679962,1.4703116416931152,3.1498637199401855

Channel 19
4.463539123535156,3.3149538040161133,2.995698928833008,2.648226737976074,3.7433390617370605,3.7433390617370605,2.542356014251709,2.542356014251709,1.8823434114456177,0.0,0.0,0.0,0.0,0.0,0.0,0.6944229602813721,0.6944229602813721,1.178937315940857,1.9391571283340454,1.9391571283340454,2.374513626098633,1.728901982307434,1.728901982307434,0.8910661935806274,0.10083150863647461,1.7714210748672485,4.9371867179870605
2.381892204284668,0.7987504005432129,0.7987504005432129,0.8365193605422974,0.8365193605422974,0.8203693628311157,0.0,0.0,0.0,0.0,0.0,0.0,0.0,0.0,0.0,0.0,0.0,0.0,0.0,0.0,0.0,0.2415248155593872,0.2415248155593872,0.8064669370651245,0.8386176824569702,0.8386176824569702,2.1037111282348633
2.381892204284668,0.7371820211410522,0.8723868131637573,1.0360339879989624,0.40305161476135254,0.20875108242034912,0.0,0.0,0.0,0.0,0.0,0.0,0.0,0.0,0.0,0.0,0.0,0.0,0.0,0.0,0.0,0.0,0.19227242469787598,1.7130323648452759,0.8064669370651245,0.3084125518798828,2.1037111282348633
2.3187880516052246,1.3223015069961548,0.8723868131637573,1.0360339879989624,0.0,0.0,0.0,0.0,0.0,0.0,0.0,0.0,0.0,0.0,0.0,0.0,0.0,0.0,0.0,0.0,0.0,0.0,0.0,1.2943788766860962,1.2006868124008179,1.3454300165176392,1.897206425666809
3.442512035369873,1.1645230054855347,0.6538290977478027,0.0,0.0,0.0,0.0,0.0,0.0,0.0,0.0,0.0,0.0,0.0,0.0,0.0,0.0,0.0,0.0,0.0,0.0,0.0,0.0,0.0,1.3109551668167114,1.8229037523269653,1.8229037523269653
5.285338401794434,2.286275863647461,0.1241987943649292,0.0,0.0,0.0,0.0,0.0,0.0,0.0,0.0,0.0,0.0,0.0,0.0,0.0,0.0,0.0,0.0,0.0,0.0,0.0,0.0,0.0,1.3109551668167114,1.3109551668167114,1.74610435962677
5.285338401794434,2.286275863647461,0.0,0.0,0.0,0.0,0.0,0.0,0.0,0.0,0.0,0.0,0.0,0.0,0.0,0.0,0.0,0.0,0.0,0.0,0.0,0.0,0.0,0.0,0.0,0.4694122076034546,2.8762078285217285
2.3135504722595215,0.6197631359100342,0.0,0.0,0.0,0.0,0.0,0.0,0.0,0.0,0.0,0.0,0.0,0.0,0.0,0.0,0.0,0.0,0.0,0.0,0.0,0.0,0.0,0.0,0.0,0.39896130561828613,2.6013426780700684
1.9438327550888062,0.0,0.0,0.0,0.0,0.0,0.0,0.0,0.0,0.0,0.0,0.0,0.0,0.0,0.0,0.0,0.0,0.0,0.0,0.0,0.0,0.0,0.0,0.0,0.0,0.2758840322494507,2.5380187034606934
1.9438327550888062,0.0,0.0,0.0,0.0,0.0,0.0,0.0,0.0,0.0,0.0,0.0,0.0,0.0,0.0,0.0,0.0,0.0,0.0,0.0,0.0,0.0,0.0,0.0,0.0,0.49294376373291016,2.5380187034606934
1.6321684122085571,0.0,0.0,0.0,0.0,0.0,0.0,0.0,0.0,0.0,0.0,0.0,0.0,0.0,0.0,0.0,0.0,0.0,0.0,0.0,0.0,0.0,0.0,0.0,0.0,0.0,2.6695809364318848
0.10505509376525879,0.0,0.0,0.0,0.0,0.0,0.0,0.0,0.0,0.0,0.0,0.0,0.0,0.0,0.0,0.0,0.0,0.0,0.0,0.0,0.0,0.0,0.0,0.0,0.0,0.0,2.4221386909484863
0.32199203968048096,0.0,0.0,0.0,0.0,0.0,0.0,0.0,0.0,0.0,0.0,0.0,0.0,0.0,0.0,0.0,0.0,0.0,0.0,0.0,0.0,0.0,0.0,0.0,0.0,0.674628496170044,2.646331787109375
0.23217010498046875,0.0,0.0,0.0,0.0,0.0,0.0,0.0,0.0,0.0,0.0,0.0,0.0,0.0,0.0,0.0,0.0,0.0,0.0,0.0,0.0,0.0,0.0,0.0,0.0,1.0893524885177612,2.646331787109375
0.23217010498046875,0.0,0.0,0.0,0.0,0.0,0.0,0.0,0.0,0.0,0.0,0.0,0.0,0.0,0.0,0.0,0.0,0.0,0.0,0.0,0.0,0.0,0.0,0.0,0.0,0.9788473844528198,2.5245237350463867
3.471184253692627,3.471184253692627,0.0,0.0,0.0,0.0,0.0,0.0,0.0,0.0,0.0,0.0,0.0,0.0,0.0,0.0,0.0,0.0,0.0,0.0,0.0,0.0,0.0,0.6340336799621582,1.9906972646713257,1.9906972646713257,2.344747543334961
3.471184253692627,3.471184253692627,1.4949802160263062,0.4895881414413452,0.0,0.0,0.0,0.0,0.0,0.0,0.0,0.0,0.0,0.0,0.0,0.0,0.0,0.0,0.0,0.0,0.0,0.0,0.4027698040008545,2.159600257873535,1.783291220664978,2.3363256454467773,2.0858631134033203
1.7901314496994019,1.526204228401184,1.720338225364685,1.2693651914596558,0.0,0.0,0.0,0.0,0.0,0.0,0.0,0.0,0.0,0.0,0.0,0.0,0.0,0.0,0.0,0.0,0.0,0.0,1.7776299715042114,2.159600257873535,1.0046552419662476,2.3363256454467773,2.0858631134033203
3.24349308013916,1.5960444211959839,1.720338225364685,1.3533185720443726,1.6668437719345093,0.0,0.0,0.0,0.0,0.0,0.0,0.0,0.0,0.0,0.0,0.0,0.0,0.0,0.0,2.611915111541748,3.4622578620910645,3.4622578620910645,1.3272708654403687,0.0,0.22540748119354248,1.9465941190719604,3.856260299682617
1.7096296548843384,3.308961868286133,1.5960444211959839,1.3533185720443726,2.639470100402832,2.639470100402832,2.7269539833068848,2.7269539833068848,0.13420987129211426,0.0,0.0,0.0,0.0,0.0,0.0,0.0,3.1288561820983887,3.6581974029541016,1.394964337348938,2.611915111541748,0.5180830955505371,0.6431634426116943,1.2243553400039673,0.6844230890274048,0.6794859170913696,0.6794859170913696,4.181679725646973
1.5328322649002075,3.308961868286133,2.077083110809326,1.1989930868148804,2.639470100402832,2.639470100402832,2.7269539833068848,2.90341854095459,3.685218334197998,1.9813774824142456,1.7338181734085083,1.1446269750595093,0.45588815212249756,0.0,1.4383279085159302,1.5435432195663452,3.1288561820983887,3.6581974029541016,1.394964337348938,0.2595611810684204,0.0,0.0,1.2243553400039673,2.148686408996582,1.4114967584609985,0.9991711378097534,3.5825161933898926
2.2672510147094727,1.1095083951950073,1.1826122999191284,1.1826122999191284,0.3823680877685547,1.4158984422683716,1.0201650857925415,1.0201650857925415,1.9813774824142456,1.9813774824142456,1.257419228553772,0.2449951171875,1.9345487356185913,1.9345487356185913,1.4383279085159302,1.5435432195663452,1.36660897731781,0.9241055250167847,0.5259312391281128,0.5259312391281128,0.4688824415206909,0.2496432065963745,0.01703464984893799,1.7918463945388794,1.7918463945388794,1.1023205518722534,2.611323356628418
2.2127914428710938,0.7162613868713379,1.1826122999191284,1.1826122999191284,0.0,0.0,1.0201650857925415,1.3141330480575562,1.3141330480575562,1.7620173692703247,1.7620173692703247,1.507649302482605,1.9345487356185913,1.9345487356185913,0.5393930673599243,0.559019923210144,0.9182683229446411,0.9182683229446411,0.5259312391281128,0.6202366352081299,0.7728258371353149,0.7728258371353149,0.48367321491241455,1.7918463945388794,1.7918463945388794,1.207306981086731,3.3673572540283203
1.0903643369674683,0.0,0.0,0.0,0.0,0.0,0.0,0.6595898866653442,0.6595898866653442,1.587943196296692,1.587943196296692,0.49207615852355957,0.30416810512542725,0.30416810512542725,0.4999326467514038,0.6946688890457153,0.6946688890457153,0.8477638959884644,1.8568860292434692,1.8568860292434692,0.5582062005996704,1.1306086778640747,1.1306086778640747,0.5880758762359619,0.9392439126968384,1.207306981086731,3.3673572540283203
1.9758895635604858,0.0,0.0,0.0,0.0,0.0,0.0,0.6595898866653442,1.2812930345535278,1.2812930345535278,0.8370271921157837,0.33897435665130615,0.0,0.003526449203491211,0.26247382164001465,0.6946688890457153,0.6946688890457153,0.6119979619979858,1.8568860292434692,1.8568860292434692,0.5582062005996704,0.47269296646118164,1.0013705492019653,0.5880758762359619,0.9392439126968384,0.9227339029312134,3.2264256477355957
1.2069140672683716,1.1383401155471802,0.0,0.0,0.0,0.0,0.0,0.0,0.17563223838806152,2.453662395477295,1.3357080221176147,1.3357080221176147,0.14984369277954102,0.14984369277954102,0.05637633800506592,0.9344028234481812,0.9344028234481812,1.1327513456344604,0.788246750831604,0.6922348737716675,0.7046859264373779,0.5905895233154297,0.4813518524169922,0.46365511417388916,0.46365511417388916,1.6899954080581665,1.6899954080581665
1.1383401155471802,1.1383401155471802,0.0,0.0,0.0,0.0,0.15430009365081787,0.21194231510162354,0.17563223838806152,2.505970001220703,2.505970001220703,2.65152645111084,2.133084774017334,0.46726489067077637,1.2223387956619263,1.3187443017959595,1.8041471242904663,1.8041471242904663,0.8268030881881714,0.8647326231002808,0.8203836679458618,0.5905895233154297,0.42998552322387695,0.42998552322387695,0.21059608459472656,1.6899954080581665,1.744637131690979

Channel 20
0.1429888904094696,0.1429888904094696,0.2809387743473053,0.4767609238624573,1.4044208526611328,3.4899888038635254,4.580427646636963,4.580427646636963,4.747900485992432,4.747900485992432,4.151248931884766,4.151248931884766,3.7757186889648438,3.230064630508423,3.4408154487609863,3.4408154487609863,3.124838352203369,3.124838352203369,3.013978958129883,1.349339246749878,1.9379022121429443,0.5511890649795532,2.4033265113830566,2.4033265113830566,0.7018039226531982,1.7855572700500488,1.993762731552124
0.5604569315910339,0.5604569315910339,1.3430476188659668,1.3430476188659668,5.6295037269592285,5.6295037269592285,5.112790107727051,4.580427646636963,3.3686182498931885,2.578874349594116,4.151248931884766,4.151248931884766,3.8534493446350098,3.1823527812957764,4.841073513031006,4.841073513031006,3.142577886581421,3.4862558841705322,3.4862558841705322,0.8696077466011047,1.470958948135376,0.21196657419204712,1.421708106994629,1.421708106994629,0.3795657753944397,1.7855572700500488,1.7855572700500488
0.5604569315910339,0.5661305785179138,1.3993544578552246,6.553081512451172,7.557281970977783,7.557281970977783,4.960216999053955,3.302568197250366,3.3686182498931885,2.7442033290863037,2.7442033290863037,5.4400458335876465,5.4400458335876465,0.5484506487846375,4.841073513031006,4.841073513031006,4.607508182525635,3.7595245838165283,2.5251009464263916,0.7769873142242432,1.6542246341705322,0.6343547701835632,0.7469009160995483,0.0,0.44845902919769287,1.229207992553711,1.229207992553711
0.23008185625076294,1.0815155506134033,5.435809135437012,6.553081512451172,6.553081512451172,4.681771278381348,3.268087148666382,3.268087148666382,4.02209997177124,2.613250255584717,7.066021919250488,3.568040132522583,3.385829210281372,0.0,4.4520583152771,4.4520583152771,4.607508182525635,3.7595245838165283,4.6294965744018555,4.6294965744018555,3.3801701068878174,2.6625192165374756,1.709975004196167,0.0,0.44845902919769287,1.187101125717163,2.3551697731018066
0.8340668082237244,3.3678722381591797,6.099458694458008,5.435809135437012,4.7093987464904785,3.528637409210205,3.528637409210205,3.268087148666382,5.151640892028809,3.264216899871826,7.066021919250488,2.928959369659424,3.385829210281372,6.206472396850586,7.025662422180176,1.6026391983032227,6.5954365730285645,6.5954365730285645,4.6294965744018555,4.6294965744018555,2.6625192165374756,2.6625192165374756,1.5730795860290527,0.3420903980731964,0.0,2.88257098197937,2.88257098197937
2.4261696338653564,6.366807460784912,6.369095325469971,6.231080055236816,2.2146482467651367,7.926389217376709,7.926389217376709,0.38637691736221313,5.151640892028809,4.576983451843262,4.619321346282959,4.168054103851318,7.5745530128479,3.9433467388153076,7.726484775543213,7.726484775543213,2.1023528575897217,8.20071792602539,8.20071792602539,0.0,6.685611248016357,3.9320223331451416,1.5730795860290527,0.4589996933937073,0.0,2.2529525756835938,1.0113413333892822
3.7237863540649414,7.228946208953857,6.683268070220947,6.6690497398376465,1.7232892513275146,7.926389217376709,7.926389217376709,2.146688461303711,5.642307758331299,5.642307758331299,6.291528224945068,4.286639213562012,7.5745530128479,3.9433467388153076,7.726484775543213,7.726484775543213,1.113347053527832,8.20071792602539,8.20071792602539,0.40883868932724,6.743357181549072,4.107056617736816,0.0,5.884905815124512,0.10172149538993835,0.0,0.31248679757118225
6.285299301147461,7.228946208953857,6.683268070220947,4.788584232330322,1.0532069206237793,4.339710712432861,1.3676202297210693,2.146688461303711,1.5439465045928955,7.000505447387695,2.11295223236084,3.2432777881622314,6.413898468017578,2.4439499378204346,3.198381185531616,3.198381185531616,0.8775399327278137,0.7243685722351074,7.295272350311279,7.295272350311279,2.124244451522827,3.575284242630005,3.575284242630005,5.884905815124512,0.10172149538993835,0.0,0.16816845536231995
6.285299301147461,6.285299301147461,3.7165985107421875,4.788584232330322,0.8507155776023865,4.339710712432861,6.669327259063721,6.669327259063721,5.245705604553223,7.859468936920166,2.332876682281494,4.212185382843018,6.413898468017578,4.837815761566162,9.56056022644043,3.198381185531616,0.15226268768310547,0.3871004581451416,11.700242042541504,11.700242042541504,1.065138816833496,5.6410017013549805,3.764660120010376,0.0,0.0,0.0,0.16816845536231995
7.0499491691589355,7.0499491691589355,3.7165985107421875,2.7918291091918945,7.0179572105407715,3.224719524383545,6.669327259063721,6.669327259063721,2.209576368331909,2.209576368331909,9.08956527709961,9.08956527709961,0.1401529312133789,6.63969087600708,9.56056022644043,0.8954258561134338,0.16205951571464539,8.770051002502441,11.01394271850586,8.41364860534668,4.006239414215088,4.006239414215088,6.084839344024658,6.084839344024658,2.9921631813049316,0.2097637951374054,0.3111271858215332
7.0499491691589355,7.0499491691589355,2.0143370628356934,2.332113265991211,7.0179572105407715,4.9748215675354,4.9748215675354,5.546453952789307,5.546453952789307,1.182307481765747,10.013654708862305,10.013654708862305,0.04450775682926178,1.0547161102294922,1.0547161102294922,2.2836697101593018,2.2836697101593018,6.387152671813965,6.387152671813965,0.3285847306251526,2.865043878555298,2.865043878555298,6.107560634613037,6.107560634613037,3.004528045654297,0.2097637951374054,0.0
5.608633995056152,5.608633995056152,3.078587293624878,3.078587293624878,2.8327748775482178,6.22552490234375,6.22552490234375,11.11428165435791,11.11428165435791,1.4534804821014404,3.2619359493255615,6.808416366577148,6.808416366577148,2.571488857269287,1.7956655025482178,6.808718204498291,6.808718204498291,0.31503868103027344,0.098976731300354,0.0,0.7184667587280273,4.843784809112549,4.843784809112549,1.5795104503631592,0.974337637424469,0.0,0.7415437698364258
5.608633995056152,5.608633995056152,4.646732807159424,6.272127151489258,2.3072667121887207,2.3351857662200928,1.8793408870697021,5.5087809562683105,5.5087809562683105,0.9933125376701355,8.211536407470703,6.808416366577148,6.808416366577148,2.571488857269287,1.7956655025482178,4.736485958099365,4.260857582092285,3.1189732551574707,0.098976731300354,6.734645843505859,6.734645843505859,1.9661931991577148,1.9661931991577148,1.9473323822021484,1.9473323822021484,0.0,0.7415437698364258
4.247923851013184,4.247923851013184,4.646732807159424,6.272127151489258,2.3072667121887207,7.619858264923096,4.848924160003662,4.58131742477417,0.3076683580875397,1.787696123123169,8.211536407470703,3.389927864074707,2.4151053428649902,2.4151053428649902,9.824850082397461,9.824850082397461,5.058415412902832,9.82656192779541,1.38608717918396,6.734645843505859,6.734645843505859,1.9661931991577148,1.9661931991577148,1.665165662765503,1.665165662765503,0.0,0.2766347825527191
1.553377628326416,2.676318883895874,2.676318883895874,5.523666858673096,5.523666858673096,7.619858264923096,4.848924160003662,4.58131742477417,11.02328109741211,11.02328109741211,3.9469101428985596,0.3387521207332611,10.091056823730469,10.091056823730469,9.824850082397461,9.824850082397461,5.058415412902832,6.782975673675537,3.669922113418579,3.669922113418579,7.513669013977051,3.8749849796295166,1.3777577877044678,0.5075565576553345,0.0,0.0,0.2766347825527191
0.33376452326774597,2.362279176712036,2.812133550643921,5.523666858673096,5.523666858673096,3.5981221199035645,4.379794120788574,1.6108229160308838,11.02328109741211,11.02328109741211,3.9469101428985596,0.3465951085090637,10.091056823730469,10.091056823730469,2.113152503967285,2.113152503967285,1.2701630592346191,3.799276113510132,1.9557468891143799,1.9557468891143799,7.513669013977051,3.8749849796295166,0.0,0.0,0.0,1.7546133995056152,1.7546133995056152
1.0610320568084717,1.6900300979614258,2.812133550643921,3.1489057540893555,4.306545257568359,4.306545257568359,4.379794120788574,2.6581227779388428,3.7906296253204346,3.7906296253204346,6.618489742279053,6.618489742279053,0.0,3.452209234237671,2.6342577934265137,6.421790599822998,6.421790599822998,2.6661365032196045,2.6661365032196045,0.5675485134124756,1.2614946365356445,0.0,0.0,0.0,0.0,3.062695026397705,3.062695026397705
1.247610092163086,1.6900300979614258,2.274174213409424,3.1489057540893555,3.1489057540893555,0.8826636672019958,1.161959171295166,5.680677890777588,4.9252400398254395,4.9252400398254395,6.618489742279053,6.618489742279053,4.268264293670654,3.452209234237671,2.9144561290740967,1.9857532978057861,0.8647728562355042,2.6661365032196045,2.6661365032196045,0.5233420133590698,0.5233420133590698,0.0,0.0,0.013701364398002625,0.021460384130477905,2.9658195972442627,3.9561803340911865
1.3957281112670898,0.8016750812530518,0.5465167164802551,1.433279275894165,2.655050754547119,2.655050754547119,1.161959171295166,2.7859063148498535,4.9252400398254395,4.9252400398254395,0.0,4.268264293670654,4.268264293670654,0.0,2.9144561290740967,1.5176661014556885,0.1821717619895935,0.0,0.0,0.0,0.18571746349334717,1.1816444396972656,1.5396537780761719,1.245607614517212,0.0,0.4050751328468323,5.2909321784973145
1.3957281112670898,0.9005653262138367,0.9005653262138367,0.9195820689201355,2.655050754547119,2.655050754547119,0.0,1.2671842575073242,0.41633468866348267,0.4895608425140381,0.4895608425140381,0.0,0.0,0.0,0.0,0.0,0.0,0.0,0.0,0.5328291058540344,2.1874115467071533,2.5192787647247314,1.5396537780761719,1.135209083557129,0.0,0.5131577849388123,4.924169063568115
0.3109191358089447,0.5932438373565674,0.19374680519104004,0.9195820689201355,0.34256815910339355,1.2469589710235596,0.0,0.6453704833984375,1.389850378036499,1.389850378036499,1.2746398448944092,1.2746398448944092,0.8614664673805237,0.8614664673805237,0.8478677272796631,0.8478677272796631,0.03767165541648865,0.4880002737045288,0.4880002737045288,3.169820547103882,2.1874115467071533,2.1874115467071533,0.4831545948982239,1.3036956787109375,1.8232407569885254,0.9029681086540222,0.9029681086540222
0.771946132183075,1.1031012535095215,5.936375617980957,5.936375617980957,2.9526774883270264,2.053468704223633,0.0,0.9053278565406799,2.051561117172241,1.389850378036499,1.2746398448944092,1.2746398448944092,0.8614664673805237,0.8614664673805237,0.6282118558883667,0.6282118558883667,0.03767165541648865,0.4880002737045288,0.4880002737045288,3.169820547103882,0.8823407292366028,0.8823407292366028,2.645496368408203,1.1140267848968506,1.8232407569885254,0.9029681086540222,1.0632154941558838
2.333338737487793,1.9759166240692139,5.936375617980957,5.936375617980957,1.4433512687683105,1.4499592781066895,0.0,2.2668850421905518,2.289651393890381,0.7642916440963745,0.604783833026886,0.4547441005706787,0.2361053228378296,0.2361053228378296,0.21811705827713013,0.14844855666160583,0.1653907597064972,0.1688893437385559,0.05116437375545502,0.8176816701889038,0.0,2.1411850452423096,3.8536925315856934,0.9550715088844299,0.03461526334285736,0.44124335050582886,0.0
2.2887492179870605,1.6054511070251465,1.6054511070251465,0.5533075928688049,0.0,0.467302143573761,0.527281641960144,2.2668850421905518,2.2668850421905518,0.502403736114502,1.048734426498413,1.048734426498413,0.22634834051132202,0.22891175746917725,0.22891175746917725,0.14844855666160583,0.26300984621047974,0.15183067321777344,0.05116437375545502,0.0,0.08168426156044006,0.9187297224998474,2.536989450454712,0.0,0.5542814135551453,0.5542814135551453,0.0
2.3449666500091553,1.529531717300415,0.5644305348396301,0.667367160320282,0.5215394496917725,0.467302143573761,0.527281641960144,0.36415624618530273,0.36415624618530273,1.0047674179077148,1.048734426498413,1.048734426498413,0.29487144947052,0.3538951277732849,0.328508198261261,0.05006179213523865,0.4427341818809509,0.8330312967300415,0.028688162565231323,0.0324719101190567,0.8064590096473694,0.7009493708610535,0.0,0.59767746925354,2.867501974105835,2.157625436782837,4.4451799392700195
0.8538500070571899,2.468902349472046,0.21209010481834412,0.667367160320282,0.5215394496917725,0.363369882106781,0.0,0.22340282797813416,0.10358376801013947,1.5431532859802246,1.5431532859802246,0.5070899128913879,0.3540053963661194,0.3540053963661194,0.4688221216201782,0.4688221216201782,0.4427341818809509,0.662918210029602,0.0,0.5378088355064392,0.8064590096473694,0.23109227418899536,0.2469445765018463,2.422205686569214,2.867501974105835,2.157625436782837,4.4451799392700195
1.1456968784332275,2.468902349472046,1.7243876457214355,0.15276303887367249,0.15276303887367249,0.0,0.0,0.29922419786453247,0.29922419786453247,1.5431532859802246,1.5431532859802246,0.5070899128913879,0.5862604975700378,0.5862604975700378,0.4688221216201782,0.4688221216201782,0.1449267566204071,0.1449267566204071,0.0,0.5378088355064392,3.210402727127075,3.210402727127075,2.5647354125976562,2.5657336711883545,2.422205686569214,1.011124610900879,2.1284220218658447

Channel 21
0.4515051543712616,0.0,0.4001174867153168,0.9672889709472656,0.8097650408744812,0.5005694627761841,1.3505299091339111,3.082105875015259,4.208942890167236,5.187401294708252,5.187401294708252,6.567516803741455,6.654433727264404,6.193565368652344,6.193565368652344,5.421370983123779,5.7637739181518555,5.157932281494141,5.626471042633057,5.626471042633057,2.4014952182769775,2.4014952182769775,0.7785046696662903,1.856634497642517,2.4179162979125977,2.004472017288208,1.3448948860168457
0.4515051543712616,0.0,0.4001174867153168,0.4001174867153168,0.05104738101363182,3.0304360389709473,4.459592819213867,5.708694934844971,6.669604301452637,7.103638648986816,7.103638648986816,6.764796257019043,7.85484504699707,7.8596906661987305,7.8596906661987305,7.519951820373535,6.177274703979492,8.040355682373047,7.654565334320068,6.546334743499756,5.1545915603637695,5.046529293060303,2.0642971992492676,1.856634497642517,2.4017317295074463,0.7971311211585999,1.3384649753570557
0.4871225655078888,0.4871225655078888,0.36746636033058167,0.1574062705039978,3.7190258502960205,6.354213237762451,7.329830169677734,7.329830169677734,7.643304824829102,7.643304824829102,7.100139617919922,7.653013229370117,8.07339096069336,8.499876022338867,7.501135349273682,8.862302780151367,6.990056037902832,8.040355682373047,7.810720443725586,7.810720443725586,6.9095001220703125,6.9095001220703125,4.32997465133667,2.67252516746521,0.34046730399131775,0.5888843536376953,1.0944199562072754
0.4871225655078888,0.4871225655078888,0.36746636033058167,3.6022253036499023,4.978707313537598,6.693559169769287,7.329830169677734,7.329830169677734,7.194844722747803,7.838335990905762,7.728517055511475,8.849445343017578,9.099899291992188,9.099899291992188,8.41434383392334,8.773275375366211,8.773275375366211,8.58591079711914,8.133581161499023,8.133581161499023,7.973596572875977,6.984590530395508,6.827020645141602,6.259174823760986,0.8641862869262695,0.6778185367584229,1.0944199562072754
0.35910868644714355,0.29601728916168213,3.539665699005127,5.620893955230713,7.139494895935059,8.072742462158203,8.65798282623291,8.217533111572266,7.543497562408447,7.838335990905762,8.936684608459473,9.668595314025879,9.640545845031738,9.640545845031738,9.74804401397705,9.438305854797363,9.235394477844238,9.867012977600098,8.836797714233398,9.43488883972168,9.43488883972168,8.53662109375,6.827020645141602,6.298655986785889,6.298655986785889,0.7190951704978943,1.4043583869934082
0.11595290899276733,0.329382061958313,4.231338024139404,7.736046314239502,7.681143283843994,8.072742462158203,8.737009048461914,9.370321273803711,9.370321273803711,8.993171691894531,8.894745826721191,9.879693031311035,9.640545845031738,9.640545845031738,9.74804401397705,9.438305854797363,9.485939979553223,9.867012977600098,8.89394760131836,9.584345817565918,9.43488883972168,8.53662109375,8.43937873840332,8.43937873840332,6.533597946166992,0.7190951704978943,1.4043583869934082
0.15556465089321136,3.3455677032470703,4.568357944488525,7.736046314239502,7.681143283843994,8.776092529296875,8.776092529296875,9.370321273803711,9.782121658325195,9.782121658325195,9.9783935546875,9.9783935546875,9.712752342224121,9.653067588806152,9.653067588806152,9.574687004089355,9.485939979553223,9.39773178100586,9.643028259277344,9.50271987915039,8.889411926269531,8.383289337158203,9.243936538696289,7.174212455749512,7.174212455749512,3.7201807498931885,0.3693457543849945
0.0,3.8884198665618896,8.032401084899902,8.383594512939453,8.383594512939453,8.729329109191895,8.729329109191895,9.354959487915039,10.139412879943848,9.782121658325195,9.9783935546875,10.413636207580566,9.832291603088379,11.066740036010742,11.066740036010742,9.574687004089355,10.40434741973877,11.909429550170898,11.909429550170898,9.36306095123291,9.361634254455566,9.279955863952637,9.243936538696289,7.899257183074951,7.234935760498047,5.807977199554443,1.068097710609436
0.13560384511947632,4.219939231872559,6.55196475982666,8.636539459228516,8.636539459228516,9.467474937438965,9.467474937438965,9.048431396484375,9.950093269348145,10.053951263427734,10.874147415161133,10.874147415161133,11.273394584655762,11.273394584655762,11.066740036010742,9.593576431274414,10.835633277893066,11.909429550170898,11.909429550170898,9.662281036376953,9.876343727111816,9.313125610351562,9.313125610351562,8.455696105957031,7.359868049621582,4.567918300628662,1.068097710609436
0.9198707938194275,6.456756114959717,6.513689994812012,9.274346351623535,8.636539459228516,9.021628379821777,9.128121376037598,9.53981876373291,9.950093269348145,11.536169052124023,11.536169052124023,11.246404647827148,11.273394584655762,11.273394584655762,10.092329025268555,10.092329025268555,10.657671928405762,10.493130683898926,9.551904678344727,9.734604835510254,9.876343727111816,9.844999313354492,9.780515670776367,8.455696105957031,7.049552917480469,4.023675918579102,1.9798285961151123
1.2188301086425781,7.255724906921387,7.255724906921387,9.274346351623535,9.84774112701416,9.84774112701416,10.956735610961914,10.956735610961914,10.499664306640625,11.640059471130371,11.640059471130371,10.96148681640625,11.110203742980957,10.95270824432373,11.998912811279297,11.998912811279297,10.493130683898926,10.493130683898926,9.551904678344727,9.551904678344727,9.956354141235352,10.700955390930176,10.505575180053711,8.119336128234863,7.659339904785156,6.127825736999512,3.662536144256592
1.8334590196609497,6.982780933380127,6.982780933380127,7.304732799530029,9.53085994720459,9.53085994720459,10.956735610961914,10.956735610961914,10.122633934020996,11.73556900024414,12.274773597717285,12.274773597717285,11.110203742980957,11.653898239135742,11.998912811279297,11.998912811279297,10.716797828674316,9.541444778442383,10.397374153137207,10.793381690979004,9.792235374450684,9.798213005065918,9.798213005065918,8.699267387390137,7.659339904785156,4.5023698806762695,2.7504470348358154
1.8334590196609497,6.866597652435303,7.612793922424316,7.19978666305542,9.53085994720459,9.682188034057617,9.932594299316406,9.932594299316406,10.20508098602295,11.73556900024414,12.274773597717285,12.274773597717285,12.073272705078125,11.753482818603516,11.551446914672852,11.802812576293945,11.654240608215332,11.478985786437988,10.397374153137207,10.793381690979004,10.235377311706543,10.235377311706543,9.798213005065918,7.658936977386475,6.557873725891113,6.557873725891113,0.12379638850688934
1.7180848121643066,5.417199611663818,7.918233871459961,8.398697853088379,10.403879165649414,9.342772483825684,9.932594299316406,10.897297859191895,11.024665832519531,11.49870777130127,11.797024726867676,12.453808784484863,12.016560554504395,12.32543659210205,12.32543659210205,11.849641799926758,11.849641799926758,11.07966136932373,11.07966136932373,10.645926475524902,10.645926475524902,10.020182609558105,7.486729621887207,7.482848167419434,5.507823467254639,2.276437997817993,0.46610227227211
2.002285957336426,3.6329269409179688,7.918233871459961,8.398697853088379,9.821466445922852,9.472172737121582,9.383610725402832,11.305635452270508,11.024665832519531,11.024665832519531,11.147581100463867,12.682453155517578,9.791563034057617,12.32543659210205,12.32543659210205,11.453924179077148,11.453924179077148,11.258959770202637,11.258959770202637,10.645926475524902,10.645926475524902,10.229456901550293,9.731219291687012,7.482848167419434,6.178304672241211,1.7923437356948853,0.22848674654960632
2.002285957336426,1.6563680171966553,6.3841986656188965,9.145063400268555,9.453668594360352,9.472172737121582,9.50461196899414,11.305635452270508,10.794748306274414,10.279216766357422,10.585129737854004,12.474781036376953,11.94655704498291,11.229463577270508,11.432231903076172,11.432231903076172,10.62773323059082,11.39795970916748,11.39795970916748,10.447107315063477,10.437583923339844,10.229456901550293,9.731219291687012,4.3655853271484375,2.080677032470703,0.70747309923172,0.5574153661727905
0.9288188815116882,0.31510522961616516,2.5731077194213867,9.145063400268555,9.145063400268555,8.804296493530273,9.792600631713867,10.794748306274414,10.794748306274414,10.822165489196777,10.822165489196777,10.779046058654785,10.791682243347168,10.791682243347168,11.474106788635254,11.474106788635254,10.77263069152832,11.39795970916748,11.39795970916748,10.437583923339844,10.437583923339844,6.5723958015441895,5.246025085449219,4.338908672332764,0.70747309923172,0.70747309923172,1.041833519935608
0.9288188815116882,1.115452766418457,1.115452766418457,1.6822199821472168,5.6420159339904785,8.804296493530273,9.792600631713867,9.049515724182129,9.709994316101074,10.121856689453125,10.539323806762695,11.248854637145996,10.288254737854004,10.001083374023438,11.474106788635254,11.474106788635254,10.77263069152832,9.58563232421875,9.496370315551758,7.060079574584961,7.589713096618652,6.5723958015441895,3.632291078567505,0.5989275574684143,0.4407412111759186,1.2956790924072266,1.1688796281814575
0.8989019393920898,1.115452766418457,1.115452766418457,1.3819364309310913,2.858478546142578,4.771089553833008,6.696287155151367,9.010509490966797,9.010509490966797,9.268050193786621,10.539323806762695,10.539323806762695,9.515291213989258,9.204523086547852,8.886019706726074,8.018457412719727,8.018457412719727,6.5247273445129395,5.2367401123046875,4.39644193649292,3.864307403564453,1.0276374816894531,1.3612414598464966,1.3809973001480103,1.3809973001480103,1.1247327327728271,1.1247327327728271
1.1910678148269653,0.8538969159126282,0.9259063601493835,0.4078328311443329,0.4078328311443329,1.1047617197036743,2.024394989013672,6.313608646392822,6.313608646392822,2.610882520675659,6.689211368560791,6.689211368560791,6.632524490356445,5.484803676605225,4.614351272583008,4.834512233734131,4.834512233734131,1.6938384771347046,0.8676487803459167,0.5452960133552551,0.29676130414009094,1.6858453750610352,1.6858453750610352,1.8211455345153809,1.8211455345153809,1.0526123046875,1.5721203088760376
0.7668106555938721,0.09703397750854492,0.5289961695671082,0.31790459156036377,0.2909572720527649,0.6439962387084961,0.6439962387084961,0.44573280215263367,0.8840606212615967,0.8840606212615967,1.7871454954147339,1.7871454954147339,0.9016377329826355,0.9795454740524292,0.5208360552787781,0.5481591820716858,0.6868430376052856,0.658812940120697,0.658812940120697,1.7495607137680054,1.7495607137680054,1.6858453750610352,2.1212713718414307,1.8866424560546875,1.112036943435669,1.112036943435669,1.5721203088760376
0.15657588839530945,0.09703397750854492,0.09703397750854492,2.7089922428131104,2.7824745178222656,2.341000556945801,0.8333336710929871,0.6483342051506042,0.6997823119163513,0.84173583984375,0.84173583984375,0.6016602516174316,0.774146556854248,0.774146556854248,0.6603741645812988,0.5481591820716858,0.5481591820716858,0.4158625900745392,0.4978264272212982,1.7495607137680054,1.7495607137680054,2.395813226699829,2.242340564727783,2.242340564727783,1.4414762258529663,1.4414762258529663,0.28522342443466187
1.0345648527145386,1.2494107484817505,1.954418659210205,2.7089922428131104,2.7824745178222656,2.341000556945801,2.1079254150390625,1.3892420530319214,0.6047648191452026,0.84173583984375,0.84173583984375,0.8975805640220642,0.9581907987594604,0.774146556854248,0.5680564045906067,0.5177222490310669,0.5845522284507751,0.6211898326873779,0.30213722586631775,0.6773931384086609,0.6773931384086609,0.23139452934265137,3.8057379722595215,4.064985275268555,1.2795193195343018,0.307922899723053,0.307922899723053
1.8046133518218994,1.7706291675567627,2.012312889099121,2.1231579780578613,2.170536518096924,2.0283608436584473,2.2800328731536865,2.292149305343628,1.9397943019866943,1.1706806421279907,0.33790770173072815,0.5427102446556091,0.5427102446556091,0.17329499125480652,0.33076009154319763,0.15944384038448334,0.5845522284507751,0.5845522284507751,0.4475093483924866,0.28473058342933655,0.013670627027750015,0.0,2.7797458171844482,3.7018728256225586,0.9268465042114258,0.307922899723053,0.307922899723053
1.9194036722183228,2.348470449447632,2.312175989151001,2.012312889099121,2.3007726669311523,2.3939523696899414,2.4512088298797607,2.4512088298797607,2.6703577041625977,2.6703577041625977,1.2002880573272705,1.2002880573272705,0.4608252942562103,0.5101835131645203,0.5217378735542297,0.22711607813835144,0.699872612953186,0.38387900590896606,0.9456929564476013,0.21961256861686707,0.006663251668214798,0.295534610748291,0.0,0.0,1.384811282157898,1.384811282157898,2.093059778213501
2.0679259300231934,2.652135133743286,2.652135133743286,2.355696201324463,2.6103713512420654,2.6333868503570557,2.3831379413604736,2.4398934841156006,2.6703577041625977,2.6703577041625977,1.109416127204895,1.109416127204895,0.4608252942562103,0.5101835131645203,0.5217378735542297,0.99811851978302,0.99811851978302,0.881297767162323,0.881297767162323,0.21961256861686707,0.05335686728358269,0.295534610748291,0.0,0.0,1.384811282157898,1.384811282157898,2.093059778213501
2.5509963035583496,2.5509963035583496,3.061326503753662,3.061326503753662,3.0710508823394775,3.0710508823394775,2.2487683296203613,2.4398934841156006,2.4398934841156006,1.9130780696868896,1.0657081604003906,1.0581310987472534,1.0581310987472534,1.703959345817566,1.703959345817566,1.2687352895736694,0.99811851978302,0.671194314956665,0.6655035614967346,0.25832444429397583,0.3518901765346527,1.7796977758407593,1.8855090141296387,1.8855090141296387,1.510615348815918,1.7444045543670654,1.400789499282837

Channel 22
5.548044681549072,2.0281410217285156,1.027685523033142,2.2592623233795166,2.5060598850250244,2.348377227783203,2.348377227783203,2.9867420196533203,3.0981786251068115,6.293376445770264,6.293376445770264,1.4334672689437866,4.841043949127197,2.9665894508361816,1.9463474750518799,3.775507688522339,4.673228740692139,4.673228740692139,3.461320638656616,2.5567328929901123,0.14700236916542053,2.672515630722046,3.955984592437744,2.2291407585144043,2.896521806716919,3.9895081520080566,2.9032037258148193
3.523503065109253,1.6138455867767334,1.0574760437011719,2.2592623233795166,2.2592623233795166,2.348377227783203,2.348377227783203,2.275139093399048,2.554558277130127,4.806015491485596,6.9306321144104,6.724502086639404,2.2355899810791016,1.846620798110962,1.846620798110962,3.8822879791259766,4.673228740692139,4.673228740692139,2.759183883666992,3.5962443351745605,3.5962443351745605,2.2990877628326416,1.8652583360671997,0.0,0.9529384970664978,2.409656286239624,2.9032037258148193
6.646450996398926,2.981215476989746,1.3685204982757568,0.8879812955856323,2.3649232387542725,0.8104375004768372,0.47749412059783936,1.349480390548706,2.554558277130127,2.554558277130127,1.532055377960205,0.5992135405540466,2.5705149173736572,2.5705149173736572,2.316356658935547,3.9427781105041504,3.9427781105041504,2.5465047359466553,2.1337170600891113,3.5962443351745605,3.5962443351745605,2.2990877628326416,1.8652583360671997,1.365477204322815,1.2445815801620483,1.8265178203582764,2.2757248878479004
4.7170610427856445,5.910599231719971,5.910599231719971,2.229520559310913,2.229520559310913,1.4494585990905762,4.945624351501465,4.364256858825684,1.8618075847625732,2.463238477706909,2.463238477706909,7.3559441566467285,7.3559441566467285,2.5705149173736572,2.316356658935547,3.366105318069458,4.150284290313721,2.1337170600891113,2.1337170600891113,3.3357644081115723,2.3931362628936768,1.3140490055084229,0.2749110162258148,0.3347099721431732,0.0747004970908165,0.0747004970908165,0.4621802568435669
4.7170610427856445,0.655095636844635,0.5933120846748352,1.0532171726226807,1.2812831401824951,0.7054067850112915,0.7054067850112915,0.8200021982192993,0.9547906517982483,1.0997105836868286,1.0997105836868286,7.3559441566467285,7.3559441566467285,4.258937835693359,4.258937835693359,0.5053161978721619,2.353671073913574,1.9269239902496338,0.7563535571098328,1.759766936302185,1.759766936302185,1.07306969165802,1.7732861042022705,2.810997247695923,2.972036600112915,1.2322556972503662,1.1443383693695068
1.4730494022369385,1.889484167098999,1.889484167098999,0.9105127453804016,0.4592931270599365,0.7054067850112915,0.7054067850112915,3.2995169162750244,3.2995169162750244,0.5967563390731812,0.7359398007392883,0.1989762783050537,0.7878860831260681,4.258937835693359,4.258937835693359,2.4471614360809326,1.567101001739502,0.21690508723258972,0.5579975247383118,3.031602382659912,3.031602382659912,1.9550902843475342,2.259610414505005,1.7954175472259521,0.9975492358207703,1.1443383693695068,1.1443383693695068
1.8471424579620361,1.889484167098999,1.889484167098999,0.9105127453804016,0.07237043231725693,0.5916185975074768,0.5916185975074768,1.6644688844680786,1.6644688844680786,1.478668212890625,0.054112501442432404,0.4604451060295105,1.8892147541046143,1.9934754371643066,2.4949488639831543,1.7116429805755615,2.858983039855957,2.858983039855957,0.9937768578529358,3.031602382659912,3.031602382659912,1.191636323928833,2.259610414505005,1.9974396228790283,0.8750786185264587,0.0,0.6077471375465393
1.0864007472991943,1.074321985244751,1.074321985244751,0.38103556632995605,0.5454472303390503,0.520208477973938,0.0678701177239418,1.6644688844680786,2.184264898300171,2.186734676361084,1.0016546249389648,2.1324572563171387,2.1324572563171387,1.9934754371643066,2.8089869022369385,1.9465696811676025,0.16516366600990295,1.097355842590332,2.077277183532715,1.7452788352966309,0.038844458758831024,0.0,0.04454728215932846,0.32608485221862793,1.0891937017440796,0.8180131912231445,0.48678648471832275
2.5290143489837646,1.250636100769043,0.4035164415836334,0.0,1.5257840156555176,1.5257840156555176,0.04949814826250076,0.6094110608100891,2.184264898300171,2.186734676361084,1.0016546249389648,2.076101779937744,2.076101779937744,2.4775390625,2.4775390625,1.1327794790267944,2.1263771057128906,4.529081344604492,3.2571732997894287,0.7326450347900391,2.571854591369629,2.571854591369629,1.8070224523544312,1.589703917503357,1.589703917503357,0.3402228355407715,1.340330958366394
2.5290143489837646,1.6600335836410522,0.5715243220329285,0.3772454857826233,0.9550276398658752,0.9550276398658752,0.6779037117958069,0.5530992746353149,0.9391363263130188,1.466088056564331,3.255699396133423,1.9632365703582764,0.4717256426811218,2.4775390625,2.4775390625,0.15129876136779785,2.1263771057128906,4.529081344604492,2.884799003601074,2.7345216274261475,2.7345216274261475,2.571854591369629,2.2803969383239746,1.589703917503357,1.589703917503357,1.8404558897018433,0.9973993897438049
1.7634787559509277,1.6600335836410522,0.5715243220329285,2.4768640995025635,2.4768640995025635,0.6443787813186646,0.0821804627776146,0.4690861105918884,0.4690861105918884,0.6318244338035583,1.089920163154602,0.7734404802322388,0.05022884160280228,0.0,1.4024988412857056,1.7715433835983276,0.7415857315063477,1.9481022357940674,1.2317659854888916,0.3708580434322357,1.9806301593780518,2.162048578262329,3.254591941833496,2.9280288219451904,0.5230313539505005,2.213176727294922,2.213176727294922
3.2219111919403076,3.2219111919403076,1.847326636314392,1.8598681688308716,1.7486132383346558,1.7486132383346558,2.097581386566162,2.227558135986328,0.9055464267730713,0.3158891499042511,0.0,0.8168219327926636,3.1387977600097656,3.4147562980651855,2.6918368339538574,1.7715433835983276,0.7398253083229065,0.379707932472229,0.01855550706386566,0.11207783967256546,1.9806301593780518,2.162048578262329,3.254591941833496,2.9280288219451904,3.161966562271118,4.090078353881836,4.090078353881836
3.257516622543335,3.257516622543335,1.847326636314392,1.8598681688308716,2.8939075469970703,2.8939075469970703,1.431839108467102,2.227558135986328,1.0951796770095825,1.0951796770095825,0.8673897981643677,1.4163047075271606,3.1387977600097656,3.4147562980651855,2.6918368339538574,1.6389187574386597,1.6303523778915405,1.6303523778915405,0.4581279754638672,0.0,2.2391860485076904,2.6656949520111084,4.067034721374512,1.6680277585983276,3.161966562271118,2.1427125930786133,1.3246510028839111
3.257516622543335,3.257516622543335,1.6849565505981445,1.6849565505981445,2.8939075469970703,2.8939075469970703,0.698340654373169,1.0235683917999268,2.21927809715271,2.5307235717773438,1.5482088327407837,1.4422637224197388,2.333759307861328,2.333759307861328,2.333435297012329,0.3782210946083069,1.6303523778915405,1.6303523778915405,2.631758451461792,2.411237955093384,1.4703912734985352,2.0692973136901855,4.067034721374512,1.003258466720581,1.7498998641967773,3.0879883766174316,1.8824807405471802
3.5605897903442383,3.5605897903442383,2.9468300342559814,1.8104625940322876,0.22030070424079895,0.0,0.4577784538269043,1.9657275676727295,2.21927809715271,2.5307235717773438,1.5482088327407837,0.8316560387611389,2.5431952476501465,2.004783868789673,0.19405901432037354,1.1307884454727173,6.014075756072998,6.255617141723633,4.121125221252441,2.411237955093384,1.4703912734985352,3.537773609161377,4.520342826843262,3.694535493850708,7.979401111602783,7.979401111602783,1.5644078254699707
0.0,0.0,2.9468300342559814,1.8104625940322876,0.7244628071784973,0.799805223941803,0.9130837917327881,0.9778476357460022,2.1830482482910156,1.7408655881881714,1.7408655881881714,1.2027395963668823,1.6279205083847046,1.4827172756195068,2.761751413345337,5.631209850311279,6.014075756072998,6.255617141723633,4.121125221252441,3.7507262229919434,3.7507262229919434,3.537773609161377,4.520342826843262,7.368631362915039,7.368631362915039,2.7858638763427734,0.8301635384559631
1.1291697025299072,3.052030563354492,0.7904456853866577,3.222987174987793,3.222987174987793,2.444059133529663,0.27594318985939026,0.9778476357460022,2.1830482482910156,5.341081142425537,5.833250045776367,4.172883033752441,4.172883033752441,3.3782694339752197,2.761751413345337,5.631209850311279,5.034084320068359,3.8825690746307373,3.8825690746307373,3.7507262229919434,3.7507262229919434,3.556079864501953,3.014892101287842,7.368631362915039,7.368631362915039,2.7858638763427734,0.29070594906806946
2.3833911418914795,3.052030563354492,2.7942376136779785,3.7858476638793945,4.192309379577637,5.267909526824951,5.117520809173584,4.954431056976318,4.740296840667725,3.692115306854248,1.9185245037078857,3.311981439590454,2.1770410537719727,2.5837643146514893,5.361804008483887,8.447774887084961,8.447774887084961,7.221726417541504,7.221726417541504,3.828087568283081,1.565191388130188,1.565191388130188,0.08457750827074051,0.038907282054424286,0.36271214485168457,0.7288881540298462,2.0908470153808594
2.234433174133301,4.259688377380371,7.803225040435791,7.803225040435791,4.192309379577637,5.267909526824951,5.158724784851074,10.406265258789062,10.406265258789062,8.47367000579834,2.7750744819641113,3.311981439590454,2.1770410537719727,2.9103496074676514,11.566727638244629,11.566727638244629,8.447774887084961,3.9543018341064453,6.907393932342529,6.872003555297852,4.818285942077637,1.1663390398025513,1.1943035125732422,0.4938271641731262,0.6041772365570068,2.2297093868255615,2.2297093868255615
1.1775424480438232,4.259688377380371,7.803225040435791,7.803225040435791,4.48562479019165,5.158724784851074,5.158724784851074,1.9400465488433838,5.799478054046631,5.654237747192383,2.6207311153411865,3.3759007453918457,3.237210273742676,4.388495445251465,10.628449440002441,10.628449440002441,5.456522464752197,1.3262814283370972,0.7025529742240906,4.818285942077637,4.818285942077637,3.339094877243042,3.339094877243042,0.7988673448562622,1.978482723236084,2.2297093868255615,2.2297093868255615
1.1775424480438232,0.0,3.120206594467163,3.9518871307373047,3.2619192600250244,2.1379685401916504,1.905633568763733,1.0405652523040771,1.0405652523040771,3.227168560028076,5.85754919052124,5.85754919052124,5.556771278381348,3.1902945041656494,2.6254451274871826,3.4773108959198,3.4773108959198,1.3262814283370972,1.8539934158325195,1.8539934158325195,0.7646689414978027,1.8858906030654907,3.456376791000366,3.0793323516845703,1.978482723236084,3.9897189140319824,4.6413469314575195
1.4970036745071411,0.8538592457771301,0.5778931379318237,0.437202513217926,0.0,1.905633568763733,1.905633568763733,1.4739280939102173,2.6960439682006836,1.8580622673034668,0.0722171738743782,0.0722171738743782,1.7394086122512817,2.1827805042266846,2.1827805042266846,1.4499258995056152,0.5216159224510193,0.5216159224510193,0.6175501346588135,1.3522917032241821,1.3522917032241821,0.6738312840461731,3.0793323516845703,3.0793323516845703,5.935263633728027,5.935263633728027,4.6413469314575195
3.268733024597168,3.268733024597168,1.55050790309906,1.2555289268493652,1.1089117527008057,0.8319163918495178,3.1550018787384033,3.1550018787384033,2.6960439682006836,0.8949445486068726,0.8949445486068726,0.3735794126987457,1.7394086122512817,1.7394086122512817,0.03908683359622955,0.13479208946228027,0.5216159224510193,0.5216159224510193,2.509823799133301,2.509823799133301,1.4417567253112793,0.7329391241073608,0.0,1.581712245941162,5.935263633728027,5.935263633728027,3.007251024246216
1.1967612504959106,1.55050790309906,1.90854811668396,1.1089117527008057,1.1089117527008057,0.8319163918495178,3.735679864883423,3.735679864883423,0.6028949022293091,0.7269464135169983,0.14083275198936462,0.024321280419826508,0.4989926218986511,0.4989926218986511,0.4016498625278473,1.845665454864502,3.453246831893921,0.8310030698776245,3.8768210411071777,2.4572973251342773,1.4417567253112793,0.8712402582168579,1.5555006265640259,1.717927098274231,3.149796962738037,4.073508262634277,3.9573264122009277
1.1918729543685913,3.687328577041626,3.687328577041626,0.5824963450431824,0.8612962961196899,1.0904734134674072,1.0199037790298462,0.2991736829280853,0.0978141650557518,1.719581127166748,1.5577826499938965,0.9667826294898987,0.19514688849449158,0.24883431196212769,0.17409342527389526,1.845665454864502,3.453246831893921,0.8310030698776245,3.8768210411071777,2.4572973251342773,0.0,1.3121159076690674,1.5555006265640259,1.717927098274231,3.149796962738037,3.9573264122009277,3.9573264122009277
0.8555880784988403,1.2002109289169312,0.4594643712043762,0.5824963450431824,0.8612962961196899,0.9291407465934753,0.5990045070648193,0.006490208208560944,1.2339173555374146,3.010349750518799,3.010349750518799,0.32238391041755676,2.6335227489471436,2.6335227489471436,0.6031975746154785,0.8554309606552124,1.020629644393921,2.9621529579162598,0.8449566960334778,0.9101668000221252,0.9101668000221252,1.3121159076690674,0.8304682374000549,0.06897307187318802,0.06839951127767563,0.4451463222503662,1.0361008644104004
0.0,0.36984261870384216,0.4594643712043762,0.4594643712043762,0.0,0.5537617802619934,0.5537617802619934,0.8441411256790161,1.2339173555374146,3.010349750518799,3.010349750518799,0.0,2.6335227489471436,7.894369602203369,7.894369602203369,1.226374864578247,2.8963205814361572,1.9071455001831055,0.3529404103755951,0.9101668000221252,0.9101668000221252,0.2826870083808899,3.743535041809082,3.743535041809082,1.9385795593261719,1.1008890867233276,1.6396533250808716

Channel 23
3.1172516345977783,3.1172516345977783,2.0529494285583496,1.9815577268600464,1.9815577268600464,1.5111442804336548,5.138461112976074,8.787970542907715,8.787970542907715,6.311971187591553,6.311971187591553,3.595968008041382,5.7665276527404785,5.7665276527404785,2.1463310718536377,5.289953231811523,5.289953231811523,4.065694808959961,2.2855827808380127,4.07579231262207,1.9962915182113647,2.5653367042541504,2.14755916595459,2.8522543907165527,2.566056728363037,1.1722959280014038,0.9710803031921387
3.0898237228393555,0.6926870346069336,0.6926870346069336,2.293018102645874,1.9129148721694946,5.198030948638916,5.198030948638916,5.612032413482666,5.612032413482666,4.869705677032471,3.701582193374634,10.062165260314941,5.7665276527404785,5.7665276527404785,2.624116897583008,3.491685390472412,4.0929107666015625,4.085032939910889,3.070166826248169,4.6866559982299805,4.6866559982299805,1.1044230461120605,4.175971031188965,4.493741989135742,4.493741989135742,0.25048619508743286,0.6216856241226196
3.0898237228393555,1.925520896911621,1.5189417600631714,2.293018102645874,1.1437007188796997,5.978057384490967,5.978057384490967,1.223097324371338,3.429696798324585,6.439835548400879,3.701582193374634,10.062165260314941,1.4434105157852173,3.3187813758850098,5.182931423187256,4.2387566566467285,4.412903785705566,3.35697603225708,3.35697603225708,4.6866559982299805,4.6866559982299805,3.20516037940979,4.175971031188965,4.493741989135742,4.493741989135742,0.7686366438865662,0.7686366438865662
2.8423209190368652,1.925520896911621,2.32716965675354,2.4720325469970703,2.4720325469970703,4.237334251403809,4.237334251403809,1.2821662425994873,4.060099124908447,3.9835007190704346,3.9835007190704346,3.7690203189849854,2.2116329669952393,6.5184454917907715,5.182931423187256,2.6321046352386475,4.412903785705566,4.106233596801758,4.724306583404541,4.967846393585205,7.500268459320068,5.260304927825928,5.260304927825928,5.592719078063965,2.629079818725586,1.1965851783752441,0.6796804070472717
0.788559079170227,1.1835023164749146,4.59126615524292,2.4720325469970703,2.4720325469970703,2.835707902908325,1.9921995401382446,5.131036281585693,5.131036281585693,3.9835007190704346,3.9835007190704346,2.984036684036255,2.984036684036255,6.5184454917907715,3.8705101013183594,0.7410107254981995,4.416962146759033,1.7589539289474487,4.985469818115234,1.7622127532958984,7.500268459320068,6.884660243988037,6.884660243988037,4.412086009979248,3.745192289352417,0.8386046886444092,0.7781381011009216
1.6703814268112183,1.6399363279342651,4.783998012542725,0.41230523586273193,1.0571465492248535,4.724131107330322,2.2123610973358154,5.131036281585693,5.716749668121338,2.525890588760376,4.268923759460449,5.805203437805176,5.805203437805176,3.8705101013183594,3.8705101013183594,1.040522575378418,4.295279026031494,3.6077253818511963,0.7394497394561768,5.6723408699035645,5.6723408699035645,6.884660243988037,6.884660243988037,4.412086009979248,10.404205322265625,0.30845099687576294,0.7885743975639343
2.497065544128418,2.497065544128418,4.783998012542725,0.5588576793670654,0.7021921873092651,4.089138507843018,2.2123610973358154,0.16309420764446259,5.815940856933594,1.8543646335601807,5.5527777671813965,3.7587497234344482,3.7587497234344482,1.5903562307357788,3.4605050086975098,2.0553669929504395,3.6077253818511963,3.6077253818511963,0.9169510006904602,5.6723408699035645,5.6723408699035645,0.6864596009254456,7.820496082305908,7.820496082305908,10.404205322265625,3.4034266471862793,0.0
7.776205062866211,7.776205062866211,2.97259259223938,1.8939826488494873,5.895251750946045,5.895251750946045,3.8701179027557373,0.0,6.226949691772461,6.226949691772461,1.8480538129806519,4.612115859985352,4.612115859985352,2.5225467681884766,2.127516984939575,2.127516984939575,1.7431782484054565,2.2089757919311523,4.783015727996826,1.2179025411605835,4.883403301239014,4.883403301239014,6.183887481689453,6.183887481689453,2.8043558597564697,3.717988967895508,0.6651471257209778
6.891627311706543,6.891627311706543,1.8939826488494873,2.3116540908813477,5.895251750946045,5.895251750946045,6.9349493980407715,0.0561588853597641,6.226949691772461,6.226949691772461,1.0267066955566406,4.612115859985352,4.612115859985352,4.149365425109863,4.149365425109863,2.127516984939575,4.978336811065674,4.978336811065674,4.783015727996826,1.1146891117095947,4.883403301239014,4.883403301239014,3.2069523334503174,3.8710482120513916,3.8710482120513916,7.952692031860352,0.0
5.210210800170898,5.210210800170898,1.35816490650177,4.5145487785339355,4.6586480140686035,0.09102731943130493,4.562631130218506,0.46972495317459106,2.0070407390594482,2.0070407390594482,4.36858606338501,1.0780017375946045,1.0780017375946045,4.149365425109863,4.149365425109863,0.8881060481071472,4.978336811065674,4.978336811065674,2.3287510871887207,0.967558741569519,6.633033275604248,3.025799512863159,3.2069523334503174,9.609182357788086,9.609182357788086,8.072651863098145,8.072651863098145
6.16986083984375,1.9032660722732544,0.816874623298645,1.8946973085403442,4.6586480140686035,7.112232685089111,0.0,5.630180835723877,1.9592162370681763,1.6714470386505127,4.36858606338501,1.7264289855957031,1.7264289855957031,1.580906867980957,2.020395278930664,2.9570565223693848,0.0,1.9606679677963257,1.9606679677963257,0.967558741569519,4.015068054199219,3.025799512863159,4.897863388061523,9.203320503234863,9.203320503234863,8.908388137817383,8.908388137817383
4.735470771789551,3.4106736183166504,3.543393611907959,3.543393611907959,2.0141208171844482,7.112232685089111,0.0,5.630180835723877,3.080789566040039,1.996313214302063,1.1687304973602295,1.68592369556427,3.638932466506958,3.638932466506958,2.2615444660186768,3.792583465576172,1.298829197883606,0.10158407688140869,2.5848848819732666,2.5848848819732666,1.8663169145584106,3.3695149421691895,2.1706953048706055,1.7624807357788086,4.334016799926758,7.428740978240967,7.428740978240967
4.735470771789551,2.8935763835906982,7.5208282470703125,7.5208282470703125,3.7978734970092773,5.14296293258667,3.1662867069244385,2.555593967437744,1.5467370748519897,2.1083357334136963,2.1083357334136963,1.68592369556427,3.638932466506958,3.638932466506958,2.9474871158599854,1.7512108087539673,3.9266605377197266,3.9266605377197266,3.144923448562622,3.144923448562622,3.102820873260498,7.4968132972717285,2.8505160808563232,6.058516025543213,6.058516025543213,7.274563312530518,1.3651819229125977
9.966798782348633,9.966798782348633,7.5208282470703125,7.5208282470703125,3.310467481613159,6.432770252227783,3.7359282970428467,3.447211503982544,2.671556234359741,2.671556234359741,1.4330744743347168,6.803455352783203,6.803455352783203,1.183098554611206,4.867936134338379,2.985771656036377,4.5553717613220215,4.5553717613220215,6.487990379333496,3.102820873260498,3.102820873260498,7.4968132972717285,3.268662691116333,9.207243919372559,9.207243919372559,5.751502513885498,1.3651819229125977
9.966798782348633,12.823942184448242,3.5977630615234375,7.014763832092285,2.2004451751708984,4.940059185028076,3.447211503982544,3.447211503982544,6.572446823120117,4.934291839599609,4.934291839599609,6.803455352783203,6.803455352783203,0.0,3.7061214447021484,2.985771656036377,3.28322696685791,3.28322696685791,6.696577072143555,3.808544397354126,4.6426825523376465,3.390305995941162,3.390305995941162,8.538619995117188,8.538619995117188,6.298033237457275,0.0
1.0986707210540771,12.823942184448242,4.881853103637695,7.014763832092285,4.783595085144043,6.412088394165039,3.1708712577819824,2.3915717601776123,5.450376510620117,4.934291839599609,4.934291839599609,2.1661927700042725,2.7779765129089355,3.519601345062256,3.519601345062256,3.6523706912994385,3.143874406814575,4.345887660980225,8.533085823059082,3.808544397354126,4.326282501220703,3.390305995941162,3.390305995941162,3.5683319568634033,5.790889263153076,2.57822585105896,2.149789810180664
1.1469144821166992,1.1469144821166992,6.749866008758545,6.749866008758545,7.293097019195557,7.293097019195557,7.438044548034668,7.438044548034668,2.4904139041900635,2.753931999206543,6.540397644042969,1.1797597408294678,6.31925106048584,6.31925106048584,3.519601345062256,6.034758567810059,6.034758567810059,4.6162109375,9.575221061706543,4.743136405944824,2.2536661624908447,6.76525354385376,6.76525354385376,4.592162609100342,4.592162609100342,2.9457924365997314,2.149789810180664
1.3033241033554077,1.06402587890625,6.749866008758545,6.749866008758545,6.0719428062438965,4.192350387573242,7.438044548034668,7.438044548034668,3.9923126697540283,1.3246996402740479,6.540397644042969,6.27198600769043,6.31925106048584,6.31925106048584,2.991375684738159,6.034758567810059,6.034758567810059,3.946476459503174,5.724639415740967,4.743136405944824,3.2354884147644043,6.76525354385376,6.76525354385376,4.427530765533447,1.4691753387451172,3.9749443531036377,3.9749443531036377
2.9758541584014893,5.431811809539795,5.431811809539795,1.6742503643035889,3.8765125274658203,6.376319408416748,2.5357377529144287,5.257043838500977,2.8933420181274414,2.3164093494415283,2.242361545562744,6.27198600769043,6.27198600769043,3.8277766704559326,2.4309659004211426,2.576439619064331,2.576439619064331,3.5883595943450928,3.5883595943450928,5.307163238525391,5.307163238525391,5.263390064239502,5.263390064239502,2.5319550037384033,2.5319550037384033,1.9845613241195679,5.538514137268066
4.557166576385498,7.144417762756348,7.144417762756348,4.274324893951416,0.8745686411857605,7.7496466636657715,1.246423363685608,5.395164489746094,5.395164489746094,5.274115562438965,5.274115562438965,3.980870008468628,2.2718100547790527,2.908003091812134,4.624032497406006,4.624032497406006,2.5594890117645264,3.5883595943450928,3.5883595943450928,2.96325421333313,2.96325421333313,4.282093048095703,1.9130903482437134,1.3556723594665527,2.2784414291381836,1.9845613241195679,2.2924342155456543
4.557166576385498,3.7729759216308594,5.377438068389893,4.274324893951416,1.6083775758743286,5.878193378448486,5.878193378448486,5.395164489746094,5.395164489746094,6.139152526855469,6.139152526855469,4.230337142944336,0.8418309092521667,4.170721054077148,4.624032497406006,4.624032497406006,5.4096879959106445,5.4096879959106445,2.016368865966797,2.016368865966797,0.7103726863861084,4.282093048095703,2.6210410594940186,1.9974788427352905,4.553082466125488,0.8540643453598022,1.047973871231079
3.7729759216308594,3.7729759216308594,1.0552688837051392,1.6400294303894043,1.6400294303894043,2.5072927474975586,4.131638526916504,4.718870639801025,5.285524368286133,6.139152526855469,6.139152526855469,2.6576123237609863,0.9689289331436157,3.2151050567626953,0.5692194104194641,1.4529770612716675,5.4096879959106445,5.4096879959106445,2.438758373260498,1.1650140285491943,1.0308700799942017,2.416046619415283,2.4666881561279297,1.0647251605987549,4.553082466125488,1.8566397428512573,0.8540643453598022
0.5122305154800415,2.3374381065368652,1.0552688837051392,0.7793768048286438,0.7793768048286438,2.204315662384033,4.131638526916504,2.7907614707946777,4.931049823760986,4.931049823760986,3.0976808071136475,2.8061723709106445,0.7192624807357788,1.0818941593170166,0.263619601726532,0.4765983819961548,0.9400700330734253,6.001897811889648,6.001897811889648,1.2697395086288452,1.553955078125,0.09535525739192963,3.8694262504577637,2.3761637210845947,1.8566397428512573,1.8566397428512573,2.25313663482666
0.9183847904205322,0.9871139526367188,0.3957740068435669,0.3957740068435669,0.30580276250839233,0.24247778952121735,1.368776559829712,1.368776559829712,3.5716116428375244,4.08126163482666,4.08126163482666,3.484279155731201,0.26913630962371826,0.5319691300392151,0.263619601726532,1.084072470664978,1.084072470664978,1.966283917427063,7.285729885101318,2.7278242111206055,1.8272714614868164,0.910170316696167,0.7372927665710449,2.3761637210845947,1.8398241996765137,1.8398241996765137,1.4083083868026733
1.6156485080718994,1.4312124252319336,0.601986825466156,0.8516619205474854,0.5962117314338684,0.2783380150794983,0.907770574092865,0.44407129287719727,0.8295436501502991,8.531018257141113,8.531018257141113,5.052886009216309,0.26913630962371826,0.26913630962371826,0.4750244617462158,3.032205581665039,1.084072470664978,3.876879930496216,5.57230806350708,1.7345598936080933,0.36232244968414307,1.958256721496582,0.787691056728363,2.09552264213562,2.8273727893829346,2.8273727893829346,5.2586188316345215
1.6156485080718994,3.2363836765289307,0.6213961839675903,0.6213961839675903,0.3934234380722046,0.7277787327766418,0.2595246434211731,0.6839544177055359,2.059896230697632,8.531018257141113,8.531018257141113,6.624296188354492,6.624296188354492,1.2842833995819092,0.9060219526290894,3.0668323040008545,2.1034460067749023,3.876879930496216,3.876879930496216,0.256203293800354,0.256203293800354,1.958256721496582,0.787691056728363,2.09552264213562,3.2815308570861816,0.0,5.2586188316345215
1.9720240831375122,2.331681728363037,2.331681728363037,1.0631226301193237,0.8553636074066162,0.7277787327766418,0.25447243452072144,0.6199383735656738,3.803960084915161,5.182426929473877,5.182426929473877,6.624296188354492,6.624296188354492,1.884272575378418,3.3778350353240967,2.1827266216278076,3.3771090507507324,2.6308395862579346,2.8675642013549805,1.3270548582077026,0.5496940612792969,1.471421718597412,0.3869571089744568,1.0014230012893677,3.2815308570861816,1.3356612920761108,4.555391311645508

Channel 24
3.1796576976776123,4.195779323577881,0.09116891026496887,1.386773943901062,3.2981927394866943,1.156840205192566,3.215876817703247,6.230684757232666,0.4965956509113312,3.339263439178467,1.3609321117401123,1.3609321117401123,2.096499443054199,3.118154764175415,3.118154764175415,0.4175942838191986,3.3824245929718018,3.3824245929718018,0.5316957235336304,2.911336898803711,2.911336898803711,1.7987685203552246,4.686102390289307,4.686102390289307,3.606764078140259,3.606764078140259,1.0827054977416992
3.1796576976776123,3.1796576976776123,1.9127579927444458,1.9127579927444458,3.2981927394866943,1.009186863899231,3.215876817703247,1.181936502456665,1.2244422435760498,3.9443771839141846,3.9443771839141846,3.789818048477173,3.789818048477173,4.275762557983398,1.0746994018554688,1.1041769981384277,3.3824245929718018,3.3824245929718018,0.7149409055709839,2.35284686088562,2.35284686088562,1.42762291431427,1.8633553981781006,1.661331057548523,2.2365012168884277,2.2365012168884277,1.0827054977416992
2.6075479984283447,1.196387529373169,1.9127579927444458,4.423307418823242,4.423307418823242,1.1162755489349365,1.716225266456604,1.4053336381912231,2.1959922313690186,3.9443771839141846,3.9443771839141846,5.2806596755981445,5.2806596755981445,3.1222455501556396,1.448636770248413,1.448636770248413,1.691756248474121,1.691756248474121,0.7149409055709839,0.8225260972976685,1.084986925125122,0.09861136972904205,1.1847858428955078,1.661331057548523,2.5168843269348145,2.5168843269348145,0.7328041791915894
2.6075479984283447,0.809933066368103,1.6699122190475464,4.423307418823242,4.423307418823242,1.1162755489349365,1.716225266456604,1.4053336381912231,1.4053336381912231,1.2424464225769043,0.6794328689575195,2.0389137268066406,2.99650502204895,2.99650502204895,1.046252727508545,1.376789927482605,1.691756248474121,1.691756248474121,2.509086847305298,2.509086847305298,1.2403593063354492,1.2403593063354492,1.1847858428955078,1.1847858428955078,2.5168843269348145,2.5168843269348145,1.7333879470825195
1.135497808456421,1.0834136009216309,1.6699122190475464,1.6699122190475464,2.264676094055176,0.22970759868621826,0.6087619066238403,0.8222489356994629,0.5526655912399292,1.2424464225769043,0.056233108043670654,1.1227017641067505,2.782819986343384,2.782819986343384,2.1721115112304688,2.0415029525756836,2.0415029525756836,1.3874253034591675,2.509086847305298,2.509086847305298,2.9164769649505615,2.9164769649505615,5.728002071380615,1.3425379991531372,1.3425379991531372,0.6508797407150269,0.0
0.2702350914478302,3.030179977416992,3.030179977416992,0.0,1.559351921081543,1.559351921081543,0.10024018585681915,1.2294354438781738,2.16947865486145,2.16947865486145,0.6700892448425293,2.924030303955078,1.4694825410842896,1.4694825410842896,1.7196637392044067,0.7556369304656982,1.9073153734207153,1.5161540508270264,1.5161540508270264,2.5434467792510986,1.2641524076461792,1.2641524076461792,5.728002071380615,2.8994336128234863,4.238135814666748,4.238135814666748,0.0
0.16128754615783691,0.8078286647796631,3.510732889175415,3.510732889175415,1.559351921081543,1.559351921081543,0.7609231472015381,1.46888267993927,3.5440542697906494,3.5440542697906494,0.6700892448425293,1.2719007730484009,0.7618695497512817,0.7618695497512817,0.46504834294319153,0.46504834294319153,1.9073153734207153,1.5161540508270264,1.5161540508270264,1.3820717334747314,0.22216391563415527,0.5046696662902832,0.5046696662902832,2.8994336128234863,4.268376350402832,4.268376350402832,0.7277551889419556
0.43790581822395325,3.0386087894439697,3.510732889175415,3.510732889175415,0.5484081506729126,3.4432122707366943,0.14239071309566498,0.0,1.214869499206543,0.7479453086853027,0.09508684277534485,0.35044151544570923,3.208056688308716,0.7618695497512817,0.13971704244613647,0.23774230480194092,0.8625057935714722,1.8724308013916016,1.8724308013916016,1.4630231857299805,0.3350723385810852,2.3746695518493652,2.3746695518493652,1.3037129640579224,2.3491361141204834,2.410862445831299,0.7277551889419556
1.2946573495864868,6.178883075714111,2.015641212463379,2.345604181289673,0.5484081506729126,3.4432122707366943,3.1770412921905518,3.1770412921905518,1.214869499206543,1.297196388244629,0.0,0.17697474360466003,3.208056688308716,1.5221812725067139,1.5337512493133545,0.13971704244613647,2.8633315563201904,1.4060043096542358,1.4060043096542358,1.4630231857299805,0.5372700691223145,2.3746695518493652,2.3746695518493652,0.30794164538383484,3.8663759231567383,3.914628744125366,3.914628744125366
1.2946573495864868,6.178883075714111,1.8563910722732544,0.8940024375915527,2.029933452606201,2.029933452606201,3.1770412921905518,3.1770412921905518,0.0,1.479468822479248,1.479468822479248,0.3567735552787781,1.5221812725067139,1.5221812725067139,1.5337512493133545,0.0,1.2260864973068237,0.4326919615268707,1.4694452285766602,0.2866748571395874,2.7772879600524902,2.7772879600524902,1.6558692455291748,1.7415449619293213,4.944836139678955,4.944836139678955,3.914628744125366
1.4542253017425537,1.4542253017425537,0.8857399225234985,0.6485117673873901,0.5856350660324097,2.791341781616211,2.791341781616211,1.8749332427978516,1.364001750946045,1.479468822479248,1.479468822479248,0.3567775785923004,0.40253129601478577,0.08478096127510071,0.37158381938934326,1.0192066431045532,1.0192066431045532,0.13415643572807312,0.802868127822876,0.24278858304023743,1.5126454830169678,1.5126454830169678,1.0325250625610352,1.8207371234893799,2.101033926010132,3.5996506214141846,1.1246557235717773
0.0,2.753624677658081,2.753624677658081,1.286787509918213,1.0107779502868652,2.877821207046509,2.877821207046509,2.173074722290039,1.364001750946045,0.8158026933670044,0.8158026933670044,0.3567775785923004,1.1126129627227783,1.0860625505447388,0.5215427875518799,1.2345269918441772,1.2345269918441772,0.0,0.0,0.6013315916061401,0.990943193435669,2.1748578548431396,2.1748578548431396,0.5114386081695557,2.416672945022583,3.5996506214141846,2.847646951675415
1.914725422859192,2.753624677658081,5.64705753326416,4.526460647583008,3.691591739654541,3.681028127670288,3.681028127670288,0.9748245477676392,0.9748245477676392,0.9747732877731323,0.5048885345458984,0.5048885345458984,0.48020824790000916,1.1776986122131348,0.7775005102157593,0.14993968605995178,1.4401439428329468,0.03871108591556549,0.2851561903953552,0.9888578653335571,2.582526683807373,4.099692344665527,4.099692344665527,0.7320946455001831,6.662951469421387,5.904123306274414,5.904123306274414
0.06707790493965149,2.0885210037231445,3.099334716796875,3.7376129627227783,3.691591739654541,5.513144493103027,5.513144493103027,1.408294916152954,1.3253540992736816,0.9747732877731323,0.32302629947662354,2.017735719680786,0.9439451694488525,1.833701491355896,1.833701491355896,1.2313703298568726,1.1243821382522583,0.9781399965286255,0.6060503721237183,0.7504538297653198,2.582526683807373,4.099692344665527,4.099692344665527,3.6597490310668945,7.267507076263428,3.4581172466278076,3.4581172466278076
1.0206975936889648,1.7604578733444214,6.817835807800293,6.817835807800293,0.8544235229492188,3.3246498107910156,3.3246498107910156,2.320615291595459,1.3253540992736816,0.8525570631027222,1.5025218725204468,3.0097618103027344,0.9439451694488525,1.833701491355896,1.833701491355896,0.8336033821105957,1.0416346788406372,2.699697732925415,2.699697732925415,3.4647576808929443,2.628202438354492,2.628202438354492,2.422508955001831,3.746229648590088,0.0,2.4970479011535645,0.5514203310012817
1.0700576305389404,1.7604578733444214,6.817835807800293,6.817835807800293,1.2283316850662231,2.2671351432800293,2.2671351432800293,2.320615291595459,1.0247820615768433,1.0247820615768433,1.5025218725204468,0.9346656799316406,0.40375596284866333,0.40375596284866333,2.1644954681396484,2.1644954681396484,2.4414238929748535,3.962589979171753,5.000444412231445,5.000444412231445,2.628202438354492,2.628202438354492,2.422508955001831,3.746229648590088,0.7875144481658936,2.4970479011535645,4.621554374694824
1.0700576305389404,0.2073414921760559,1.4049732685089111,5.419185638427734,5.836631774902344,2.2671351432800293,3.88503098487854,0.928613543510437,1.0247820615768433,1.0247820615768433,1.3697468042373657,1.3697468042373657,0.498087078332901,2.3985228538513184,2.640993595123291,2.640993595123291,2.4414238929748535,3.962589979171753,5.989009857177734,5.989009857177734,0.6312664747238159,1.9533122777938843,4.7824201583862305,5.688154697418213,1.2542418241500854,1.3182321786880493,4.621554374694824
1.0244559049606323,1.3901249170303345,3.523486614227295,4.182757377624512,5.836631774902344,1.5262858867645264,3.88503098487854,2.469668388366699,2.469668388366699,0.7401059865951538,2.756114959716797,2.756114959716797,4.372725009918213,2.3985228538513184,2.0921852588653564,2.0921852588653564,1.2031091451644897,3.6616098880767822,4.396459579467773,4.396459579467773,1.4383498430252075,1.6468223333358765,4.7824201583862305,2.6239254474639893,1.6146349906921387,1.6146349906921387,1.0195682048797607
1.3857742547988892,1.3901249170303345,1.3901249170303345,0.9879403114318848,0.6627426147460938,3.0545833110809326,3.0545833110809326,2.145575761795044,2.145575761795044,0.5603832006454468,2.4674530029296875,2.4674530029296875,4.372725009918213,2.081035614013672,2.0921852588653564,2.0921852588653564,1.3840045928955078,1.3840045928955078,1.3455331325531006,1.4670984745025635,4.3023200035095215,1.4383498430252075,1.201511263847351,1.201511263847351,3.9754207134246826,3.9754207134246826,3.8150839805603027
1.002109169960022,1.002109169960022,4.052227973937988,2.1383872032165527,1.6219426393508911,5.024004936218262,5.024004936218262,1.4220390319824219,2.9129819869995117,2.9129819869995117,2.9268746376037598,1.6395882368087769,1.910272240638733,1.0492324829101562,0.6952183246612549,0.850945234298706,2.5025949478149414,1.3840045928955078,1.8493469953536987,0.7162774801254272,2.5110881328582764,1.1363821029663086,1.201511263847351,1.201511263847351,1.655073642730713,2.9507758617401123,2.9507758617401123
1.94754159450531,1.5721420049667358,4.052227973937988,2.725844144821167,2.725844144821167,3.58750057220459,1.7421327829360962,1.196952223777771,2.9129819869995117,2.9129819869995117,0.6095919609069824,1.3090107440948486,1.910272240638733,1.0908442735671997,1.0908442735671997,0.6765011548995972,2.5025949478149414,0.6460968255996704,1.8493469953536987,0.8820730447769165,0.03724399209022522,1.1363821029663086,1.1363821029663086,1.8409984111785889,1.4950591325759888,1.3385637998580933,1.805994987487793
1.4078844785690308,3.3981542587280273,1.5932263135910034,2.725844144821167,2.725844144821167,6.344942092895508,5.095579147338867,2.346348762512207,4.237013339996338,2.3781657218933105,1.0795596837997437,0.2943153977394104,0.1876368224620819,1.5175020694732666,1.5175020694732666,0.30411043763160706,0.0,1.5684388875961304,2.2324867248535156,0.9715750217437744,0.2969476580619812,0.6712812185287476,0.7221771478652954,1.8854365348815918,1.8854365348815918,3.8245558738708496,3.8245558738708496
0.9031941890716553,2.658743381500244,2.658743381500244,0.20336264371871948,0.5608502626419067,5.095579147338867,5.095579147338867,2.346348762512207,3.8563649654388428,0.7656807899475098,0.20058879256248474,0.6973668336868286,0.6973668336868286,0.7445590496063232,0.7445590496063232,0.5583490133285522,0.5583490133285522,0.8324600458145142,8.0934419631958,8.0934419631958,0.746697187423706,0.5292478799819946,0.3120861351490021,0.39447230100631714,0.39447230100631714,3.8245558738708496,3.8245558738708496
2.8259341716766357,2.658743381500244,2.658743381500244,0.49518659710884094,0.2598147690296173,0.20793354511260986,0.7321509122848511,0.7321509122848511,0.7530066967010498,1.1928220987319946,1.9364124536514282,0.6973668336868286,0.6973668336868286,0.4471322000026703,0.4471322000026703,0.2838231027126312,4.386508941650391,0.37470558285713196,8.0934419631958,8.0934419631958,1.6502045392990112,0.5292478799819946,0.8691936731338501,1.4811758995056152,1.4811758995056152,1.526090145111084,1.526090145111084
3.4390389919281006,0.6639705896377563,0.09579581022262573,0.3049423396587372,0.3049423396587372,0.10077817738056183,0.24707096815109253,0.589713454246521,0.589713454246521,7.518805980682373,1.1701414585113525,0.17688530683517456,0.14418654143810272,0.09215562045574188,0.4017091989517212,3.5264883041381836,4.7262187004089355,4.7262187004089355,3.7426514625549316,3.0192832946777344,1.1634398698806763,0.4383307993412018,0.8691936731338501,0.30567193031311035,1.160380482673645,1.0745961666107178,1.0745961666107178
0.7814247608184814,0.6639705896377563,0.4913352429866791,0.4913352429866791,0.3049423396587372,0.10077817738056183,0.24707096815109253,0.39672064781188965,0.33017483353614807,7.518805980682373,2.925398349761963,2.925398349761963,0.7169978618621826,0.7169978618621826,0.6771672964096069,6.212131023406982,6.212131023406982,2.0063462257385254,3.7426514625549316,2.467714786529541,1.3326265811920166,0.6187912225723267,0.5070390701293945,3.3303277492523193,2.374751567840576,2.374751567840576,0.5993055105209351
0.5622113943099976,0.11048160493373871,1.0110547542572021,1.0110547542572021,0.1938493847846985,0.3071031868457794,0.31089553236961365,0.41026559472084045,0.41026559472084045,4.0962066650390625,3.670366048812866,3.670366048812866,3.0379648208618164,0.897573709487915,0.3452785611152649,1.8523509502410889,3.4000370502471924,3.4000370502471924,2.4790780544281006,2.4790780544281006,0.68589186668396,1.206329584121704,1.206329584121704,3.3303277492523193,1.3742812871932983,1.3629589080810547,0.5082374811172485

Channel 25
0.6865394711494446,0.5215951800346375,1.1946769952774048,2.2262511253356934,3.060615062713623,1.759507417678833,2.64204478263855,4.504990577697754,3.5526087284088135,2.074089765548706,2.074089765548706,1.3675742149353027,2.957284688949585,2.957284688949585,1.2141591310501099,1.2261875867843628,1.2261875867843628,2.494006395339966,2.494006395339966,3.485450029373169,3.7200047969818115,2.570466995239258,2.573218822479248,2.573218822479248,1.065680980682373,1.3805280923843384,3.5509133338928223
1.2119848728179932,1.2119848728179932,3.0836727619171143,5.194015026092529,2.0479843616485596,2.0479843616485596,3.2985479831695557,0.7963005304336548,0.7057357430458069,0.21402600407600403,2.6778008937835693,2.3284757137298584,2.957284688949585,2.957284688949585,0.6514757871627808,0.40363210439682007,1.9376780986785889,1.7382245063781738,1.7382245063781738,3.485450029373169,3.485450029373169,6.238250732421875,6.238250732421875,4.367071628570557,1.065680980682373,0.7914289236068726,0.6905651092529297
5.368453025817871,5.368453025817871,5.008906841278076,5.194015026092529,2.4108049869537354,0.6991692185401917,3.2985479831695557,0.7963005304336548,1.435288429260254,3.1738758087158203,3.1738758087158203,2.3284757137298584,0.9834576845169067,0.5861837267875671,0.9784102439880371,0.9784102439880371,0.9480754137039185,0.6542879939079285,0.2705310583114624,1.4092742204666138,1.4092742204666138,0.5875323414802551,3.077993154525757,3.2285866737365723,3.2285866737365723,0.7914289236068726,1.3569283485412598
5.368453025817871,5.368453025817871,6.4248762130737305,2.9767587184906006,2.4108049869537354,0.10948727279901505,0.0,0.0,0.0,0.16740953922271729,0.0,2.343858480453491,2.343858480453491,1.1500662565231323,0.9784102439880371,0.9784102439880371,0.9267730712890625,0.6603775024414062,1.1792479753494263,1.1792479753494263,0.7922130227088928,0.4478445053100586,0.538298487663269,0.7441215515136719,2.298039197921753,2.298039197921753,2.9116787910461426
0.20307311415672302,5.116637229919434,6.4248762130737305,1.227086067199707,1.7934714555740356,0.39954012632369995,0.1841648817062378,0.17523044347763062,0.025834426283836365,0.08405163139104843,0.08405163139104843,0.0,0.5295767784118652,1.1500662565231323,0.7304856777191162,0.4401359558105469,0.4401359558105469,0.516857922077179,0.516857922077179,0.7771557569503784,2.181434154510498,2.181434154510498,2.331376314163208,1.0150120258331299,2.298039197921753,2.298039197921753,2.9116787910461426
3.870889186859131,5.116637229919434,5.116637229919434,1.227086067199707,0.1892048418521881,0.26181644201278687,0.17523044347763062,0.29917070269584656,1.2430903911590576,1.2430903911590576,0.5331365466117859,0.517060399055481,2.5005362033843994,0.8586414456367493,0.1332835555076599,0.0,1.1152957677841187,2.5980465412139893,1.6951944828033447,0.7771557569503784,0.9851260185241699,0.20251357555389404,2.850409984588623,2.850409984588623,2.195591688156128,2.195591688156128,1.6640490293502808
1.7734543085098267,1.6846818923950195,1.1851155757904053,0.5691618323326111,0.18752801418304443,0.16695299744606018,0.16695299744606018,0.29917070269584656,1.747188687324524,1.2851777076721191,0.9141639471054077,0.9141639471054077,2.5005362033843994,0.5319218039512634,0.23328784108161926,0.4465593695640564,1.1152957677841187,2.5980465412139893,1.6951944828033447,0.016312897205352783,0.21801915764808655,0.14030331373214722,2.850409984588623,2.850409984588623,2.195591688156128,2.3408851623535156,2.3408851623535156
1.183089256286621,1.6846818923950195,0.47612810134887695,0.47612810134887695,0.7313571572303772,0.7313571572303772,0.514995813369751,0.514995813369751,1.2851777076721191,1.2851777076721191,0.16722512245178223,0.26223641633987427,0.06652358919382095,0.29912227392196655,0.29912227392196655,0.4465593695640564,1.0549473762512207,1.0549473762512207,1.6000280380249023,1.1410057544708252,0.5996876358985901,0.722912073135376,0.722912073135376,0.19450655579566956,0.17596930265426636,2.262110948562622,1.208686113357544
1.7733800411224365,2.692037582397461,0.6238088011741638,0.47612810134887695,0.7313571572303772,0.7313571572303772,1.6653457880020142,1.6653457880020142,1.4230877161026,1.4230877161026,0.13821586966514587,0.20775467157363892,0.06652358919382095,0.6484392881393433,0.6484392881393433,0.11906825751066208,1.0549473762512207,1.0549473762512207,1.1410057544708252,1.1410057544708252,0.5996876358985901,0.5996876358985901,0.11424917727708817,0.1079966202378273,0.5617891550064087,2.262110948562622,0.48917990922927856
1.3262029886245728,1.1886579990386963,1.1886579990386963,0.839840829372406,2.871947765350342,0.9655002355575562,1.6653457880020142,1.6653457880020142,0.23854169249534607,0.3244151771068573,1.0341848134994507,0.3934067487716675,0.0598696693778038,0.6484392881393433,0.6484392881393433,0.0032013505697250366,0.2562859356403351,0.041073113679885864,0.15006676316261292,0.09940958768129349,0.0,0.2943926751613617,0.7917420268058777,1.3874653577804565,1.3874653577804565,1.1650429964065552,0.39026886224746704
2.3167712688446045,2.3167712688446045,0.2832528054714203,0.2832528054714203,0.6535278558731079,1.1624653339385986,0.5094478130340576,0.8893115520477295,0.8209967017173767,0.3244151771068573,1.0341848134994507,0.3934067487716675,1.354278326034546,1.354278326034546,1.275823712348938,0.43216413259506226,0.23570409417152405,0.10338365286588669,0.18475863337516785,0.2340398132801056,0.05319876968860626,2.404419422149658,1.354579210281372,1.3874653577804565,1.3874653577804565,0.4569152593612671,0.3765878975391388
2.3167712688446045,2.3167712688446045,1.2294304370880127,0.19323378801345825,0.24785596132278442,1.771491289138794,0.5094478130340576,0.8236355185508728,0.8209967017173767,0.5484208464622498,0.7968510389328003,0.39920398592948914,1.354278326034546,1.354278326034546,1.275823712348938,0.43216413259506226,0.6119039058685303,0.17579489946365356,1.1608048677444458,2.2083241939544678,0.8251738548278809,2.404419422149658,1.5032117366790771,2.1026792526245117,0.23429346084594727,1.4981679916381836,1.5279089212417603
1.8062119483947754,1.8062119483947754,1.4308820962905884,0.9121752381324768,0.441766619682312,0.6815565824508667,1.730508804321289,1.730508804321289,0.5607690215110779,0.5607690215110779,1.3251112699508667,0.36955612897872925,0.2839948534965515,0.0,0.0,0.6057602763175964,0.6057602763175964,0.4206657111644745,1.1608048677444458,2.2083241939544678,0.8251738548278809,0.46914178133010864,1.5032117366790771,2.1026792526245117,1.6817898750305176,2.01100492477417,2.01100492477417
6.212054252624512,6.212054252624512,1.8019728660583496,1.0505433082580566,0.4401465058326721,1.6996697187423706,1.730508804321289,1.730508804321289,0.5607690215110779,0.5607690215110779,0.4248751699924469,0.18139004707336426,0.0,0.27455177903175354,1.1829185485839844,0.966732382774353,0.1879383623600006,0.1879383623600006,0.019059516489505768,1.3702428340911865,1.3702428340911865,1.7829811573028564,2.281341552734375,1.736791968345642,1.4603322744369507,2.01100492477417,2.01100492477417
6.212054252624512,6.212054252624512,3.1444382667541504,1.0505433082580566,0.8706369996070862,1.6996697187423706,1.606734037399292,0.3167593777179718,0.6674405336380005,2.082904577255249,2.082904577255249,0.5876235961914062,1.7503283023834229,1.7503283023834229,1.1829185485839844,0.966732382774353,0.5765169858932495,0.0,0.37180188298225403,1.3702428340911865,1.3702428340911865,1.4407312870025635,1.4827022552490234,0.0,0.9757695198059082,0.45226550102233887,0.3441036343574524
3.254091262817383,5.434287071228027,5.434287071228027,1.3952531814575195,0.9450975656509399,2.38373064994812,2.38373064994812,0.3167593777179718,1.0822499990463257,0.6674405336380005,0.5213223695755005,0.4567582607269287,1.7503283023834229,1.7503283023834229,1.6891087293624878,0.35276561975479126,0.5765169858932495,0.07219891995191574,0.07219891995191574,1.5626486539840698,0.9569293260574341,2.1042470932006836,2.1594345569610596,2.58111834526062,2.58111834526062,1.0738567113876343,0.8722062706947327
6.90848445892334,6.90848445892334,2.3702337741851807,2.2950327396392822,2.2950327396392822,2.38373064994812,2.38373064994812,0.9223604202270508,0.09512143582105637,0.06753603368997574,0.18377545475959778,0.5779054164886475,1.008137583732605,1.6891087293624878,3.9873015880584717,1.7322300672531128,1.7322300672531128,2.5763511657714844,3.1578192710876465,3.1578192710876465,1.8079540729522705,2.5698952674865723,2.1594345569610596,2.58111834526062,2.58111834526062,1.0738567113876343,0.4099920690059662
6.90848445892334,6.90848445892334,1.287781000137329,2.2950327396392822,2.2950327396392822,2.152780771255493,0.08374292403459549,0.08374292403459549,1.0040185451507568,1.866634726524353,1.866634726524353,0.7407573461532593,0.7407573461532593,1.5094902515411377,3.9873015880584717,1.7322300672531128,2.218111753463745,3.0543136596679688,3.1578192710876465,3.9705870151519775,3.9705870151519775,3.270204544067383,3.270204544067383,1.2380167245864868,0.0,0.0,0.42151954770088196
4.2190470695495605,4.104607582092285,2.146090507507324,1.9450411796569824,1.8617832660675049,3.0023279190063477,0.0,0.6796010732650757,1.0040185451507568,1.7280768156051636,1.7280768156051636,1.0088751316070557,2.581322193145752,3.976360559463501,0.0,0.0,0.8628884553909302,2.9308412075042725,1.8677068948745728,3.9705870151519775,3.9705870151519775,3.270204544067383,3.270204544067383,0.7081923484802246,0.5965789556503296,0.5588339567184448,0.44810593128204346
4.104607582092285,4.104607582092285,2.146090507507324,1.3045085668563843,0.48521363735198975,1.5402299165725708,0.9318497180938721,4.045778274536133,4.3925957679748535,3.910635232925415,3.567319631576538,3.2160048484802246,0.984337568283081,0.0,0.0,0.6512863039970398,2.5613980293273926,3.070016384124756,3.070016384124756,0.4383906126022339,0.8764190077781677,1.037741780281067,1.037741780281067,0.49689775705337524,0.5965789556503296,0.4249451160430908,1.8992514610290527
1.6232537031173706,1.40823495388031,1.185734510421753,1.3045085668563843,1.431100845336914,0.5662873387336731,0.9318497180938721,1.1272319555282593,2.0772476196289062,3.717273473739624,3.567319631576538,1.141843557357788,0.7355647683143616,0.7355647683143616,1.2998182773590088,1.2998182773590088,0.514494776725769,0.37454307079315186,0.2496964931488037,0.32028424739837646,0.32028424739837646,1.037741780281067,1.7065483331680298,0.23316633701324463,2.148303747177124,2.148303747177124,0.4028499722480774
1.6232537031173706,0.8824548125267029,1.5852540731430054,3.0923879146575928,3.0923879146575928,1.4351388216018677,2.046642303466797,1.0497260093688965,4.595611095428467,4.595611095428467,0.6737373471260071,1.2006173133850098,1.2006173133850098,0.7355647683143616,1.2998182773590088,1.2998182773590088,0.13465535640716553,3.6481950283050537,3.6481950283050537,1.3123687505722046,1.5958741903305054,0.900875449180603,0.24839040637016296,0.908697247505188,0.908697247505188,1.7779622077941895,0.2825218737125397
0.4121081531047821,0.8824548125267029,1.4230624437332153,0.8356826901435852,0.14276885986328125,1.4351388216018677,2.046642303466797,1.3091984987258911,3.207214832305908,1.6119446754455566,1.8447879552841187,3.2836697101593018,0.5446995496749878,0.34689095616340637,0.4393503665924072,0.4393503665924072,0.13465535640716553,0.962090015411377,1.3123687505722046,1.3123687505722046,0.0,1.5801892280578613,1.5801892280578613,1.4200458526611328,1.048200249671936,2.0971574783325195,3.2190558910369873
0.3230209946632385,0.3230209946632385,0.3336908519268036,0.8356826901435852,0.14276885986328125,0.36264359951019287,0.19315078854560852,1.3091984987258911,1.4082483053207397,1.4082483053207397,3.7335572242736816,1.5498173236846924,0.8193095326423645,0.34689095616340637,0.056386806070804596,0.38364189863204956,0.10109487920999527,1.1677401065826416,1.1677401065826416,1.1148818731307983,0.9809561967849731,0.48830264806747437,0.5809177756309509,1.048200249671936,1.6125119924545288,1.6125119924545288,1.982137680053711
1.500946044921875,1.500946044921875,1.1343207359313965,1.1343207359313965,1.1124982833862305,0.2504209578037262,0.35268300771713257,0.3643156588077545,0.17746198177337646,1.4913612604141235,3.7335572242736816,1.5498173236846924,0.3005918264389038,0.3005918264389038,0.5890737175941467,0.5885016322135925,0.0,2.671865224838257,1.191878080368042,1.0863300561904907,3.414536476135254,3.414536476135254,0.15913638472557068,0.5958324074745178,1.445649266242981,3.5692625045776367,3.5692625045776367
0.6901729702949524,0.6901729702949524,0.32374903559684753,0.18180608749389648,0.5903295874595642,0.5903295874595642,0.28910931944847107,0.7561018466949463,1.993560791015625,2.07843017578125,2.1807684898376465,2.483776807785034,1.9294886589050293,2.117377519607544,2.117377519607544,0.6258949637413025,3.70220947265625,3.70220947265625,1.0863300561904907,1.0863300561904907,3.414536476135254,3.414536476135254,0.48639237880706787,0.38637658953666687,3.315725326538086,3.5692625045776367,3.5692625045776367
0.31227797269821167,0.8430168032646179,0.5824419260025024,0.5824419260025024,0.5581883788108826,0.7872826457023621,0.37459424138069153,0.7561018466949463,2.541428565979004,3.0598039627075195,3.0598039627075195,2.483776807785034,2.688448667526245,2.117377519607544,2.117377519607544,0.7944978475570679,0.6258949637413025,4.876777172088623,1.8510396480560303,0.6695510745048523,0.08801335841417313,1.0849555730819702,2.0926425457000732,2.232590436935425,3.315725326538086,3.315725326538086,0.2564188539981842

Channel 26
0.0,0.2277466058731079,0.0,0.0,0.0,0.0,0.3085368871688843,0.7047983407974243,3.295462131500244,0.25193750858306885,1.0672324895858765,1.9130483865737915,0.0,7.357485771179199,2.687234401702881,0.0,2.4960899353027344,2.4960899353027344,0.0,4.6659770011901855,0.17193567752838135,0.17193567752838135,2.3840537071228027,0.0,3.3930487632751465,3.3930487632751465,2.824192523956299
0.38686835765838623,0.2277466058731079,0.0,0.15894615650177002,0.8447798490524292,1.2405153512954712,1.5652166604995728,0.3085368871688843,3.295462131500244,1.4434789419174194,0.5802067518234253,2.546072483062744,2.546072483062744,3.2641243934631348,1.811400294303894,6.47501277923584,4.372004985809326,4.5883307456970215,4.5883307456970215,0.0,4.774257659912109,0.17193567752838135,0.0,1.6615837812423706,4.5865044593811035,1.7767237424850464,0.0
0.0,0.0,0.0,0.6262532472610474,0.8447798490524292,0.8447798490524292,0.3497990369796753,0.0,0.3980306386947632,2.7736663818359375,2.7736663818359375,5.073596477508545,3.66481876373291,0.0,4.023831367492676,1.811400294303894,4.372004985809326,3.0799055099487305,2.361452579498291,3.3066000938415527,3.3066000938415527,0.0,3.2058749198913574,3.2058749198913574,0.0,0.0,0.0
0.0,0.0,2.250206470489502,2.250206470489502,0.35502398014068604,0.0,3.4948620796203613,3.4948620796203613,0.0,0.0,0.4481743574142456,5.073596477508545,0.44269096851348877,0.0,5.62488317489624,5.62488317489624,2.8085217475891113,2.8085217475891113,2.361452579498291,1.1632577180862427,2.978869915008545,4.09719181060791,4.09719181060791,3.2058749198913574,1.4140068292617798,0.0,0.45765650272369385
2.399038314819336,0.0,2.250206470489502,2.250206470489502,0.9112037420272827,0.0,3.4948620796203613,3.4948620796203613,0.4164634943008423,0.0,2.4777889251708984,1.6188615560531616,1.6188615560531616,1.568062663078308,3.7559499740600586,0.0,0.6117881536483765,0.6117881536483765,3.086991310119629,2.2342095375061035,3.3305110931396484,3.3305110931396484,1.4585872888565063,2.1923279762268066,1.4140068292617798,0.0,0.0
0.0,0.04396486282348633,2.306304931640625,2.306304931640625,0.0,2.8834738731384277,2.8834738731384277,0.0,0.4164634943008423,0.0,0.10258328914642334,0.10258328914642334,4.715287685394287,1.6711159944534302,1.8108240365982056,1.8108240365982056,0.0,4.557165622711182,4.557165622711182,0.0,1.080816388130188,0.8147605657577515,1.4585872888565063,2.1923279762268066,2.1019082069396973,2.1019082069396973,0.0
0.0,0.0,3.5816116333007812,3.5816116333007812,0.0,2.8834738731384277,2.8834738731384277,0.0,4.114264488220215,4.114264488220215,2.285979747772217,2.285979747772217,4.715287685394287,1.6711159944534302,2.966035842895508,2.966035842895508,0.0,4.557165622711182,4.557165622711182,0.7367268800735474,5.335089683532715,0.8147605657577515,0.9661809206008911,5.167840957641602,6.478906631469727,6.478906631469727,2.4189906120300293
0.0,3.461212158203125,3.5816116333007812,3.5816116333007812,0.0,2.5505270957946777,0.0,0.0,0.0,0.0,0.0,0.0,1.5082882642745972,0.5980974435806274,0.43548452854156494,0.43548452854156494,0.0,0.0,0.10908734798431396,1.1701453924179077,0.0,1.0274564027786255,1.0274564027786255,5.167840957641602,0.24776875972747803,2.4189906120300293,2.4189906120300293
0.0,3.461212158203125,0.0,2.3234267234802246,0.0,2.5505270957946777,4.0930352210998535,4.0930352210998535,0.0,5.712423324584961,0.02134716510772705,0.0,1.5082882642745972,0.0,1.4145036935806274,0.43548452854156494,0.0,0.0,4.6280903816223145,4.345376491546631,0.0,4.3533854484558105,1.8127485513687134,0.0,0.0,5.007631778717041,5.007631778717041
0.3912540674209595,3.403846263885498,0.14997994899749756,0.0,2.4372286796569824,2.4372286796569824,4.0930352210998535,4.0930352210998535,0.0,0.0,0.8506606817245483,1.3870612382888794,0.0,1.8910914659500122,2.057772636413574,0.0,0.0,3.8105926513671875,5.053687572479248,3.6649317741394043,2.4906721115112305,2.4906721115112305,3.4142284393310547,3.4142284393310547,4.3750996589660645,5.007631778717041,5.007631778717041
0.3912540674209595,0.0,0.0,0.0,2.4372286796569824,2.4372286796569824,0.9827433824539185,0.0,0.2739204168319702,0.0,5.220758438110352,5.220758438110352,0.0,0.0,0.0,0.0,0.0,1.0480345487594604,1.0480345487594604,0.0,2.3802995681762695,1.3550368547439575,3.492288112640381,3.492288112640381,4.757445335388184,1.5355933904647827,3.89107084274292
0.0,0.0,0.0,0.0,0.0,3.99468994140625,3.99468994140625,3.371438980102539,3.371438980102539,0.0,0.0,0.0,0.0,0.0,0.0,1.3773049116134644,1.3773049116134644,0.0,0.0,0.0,0.0,3.750007152557373,3.750007152557373,0.8477345705032349,0.8477345705032349,4.514229774475098,4.514229774475098
0.29512131214141846,0.29512131214141846,1.965732216835022,4.380227088928223,0.0,0.0,0.0,0.9628576040267944,0.9628576040267944,0.0,0.0,0.0,0.05484366416931152,0.05484366416931152,0.0,0.8577996492385864,0.12704050540924072,0.0,0.0,3.798098087310791,3.798098087310791,2.485826015472412,2.485826015472412,2.3509974479675293,2.9999208450317383,8.73437213897705,8.73437213897705
1.063092827796936,1.063092827796936,1.965732216835022,4.380227088928223,0.0,4.777472019195557,2.865213394165039,2.248117446899414,0.0,0.0,0.9827343225479126,0.9827343225479126,0.05484366416931152,0.05484366416931152,0.33810436725616455,0.8971425294876099,0.9291092157363892,4.0696492195129395,0.0,3.798098087310791,3.798098087310791,2.485826015472412,2.485826015472412,1.3642317056655884,2.0311689376831055,8.73437213897705,8.73437213897705
0.0,4.261133670806885,4.261133670806885,0.7204383611679077,0.7204383611679077,4.777472019195557,2.865213394165039,2.248117446899414,3.160369873046875,3.160369873046875,0.9827343225479126,0.9827343225479126,2.1998605728149414,2.1998605728149414,0.33810436725616455,1.9502595663070679,1.9502595663070679,1.2748504877090454,4.009711742401123,4.009711742401123,5.899548530578613,3.885878562927246,3.5628719329833984,1.3642317056655884,8.954998970031738,8.954998970031738,3.229811191558838
2.3976778984069824,4.261133670806885,4.261133670806885,7.33590030670166,7.33590030670166,0.0,2.725522518157959,0.0,5.457301616668701,5.457301616668701,0.0,0.0,2.1998605728149414,2.1998605728149414,0.10585415363311768,1.9502595663070679,1.9502595663070679,4.049108028411865,2.7320942878723145,2.7320942878723145,5.899548530578613,3.885878562927246,2.4964380264282227,2.4964380264282227,8.954998970031738,8.954998970031738,0.07275879383087158
1.1023095846176147,3.7547526359558105,3.7547526359558105,0.39561641216278076,3.0335631370544434,5.1112871170043945,2.725522518157959,1.4276202917099,0.0,0.0,4.3310770988464355,4.3310770988464355,2.1059231758117676,3.8297019004821777,3.797725200653076,3.8514795303344727,3.8514795303344727,3.095796585083008,2.7320942878723145,2.7320942878723145,3.3830742835998535,2.5031938552856445,6.270615577697754,13.732314109802246,13.732314109802246,1.0447067022323608,0.0
0.6837013959884644,4.424388408660889,4.424388408660889,6.713457107543945,3.0335631370544434,0.16875922679901123,1.4466766119003296,1.4466766119003296,1.8114911317825317,1.8114911317825317,4.3310770988464355,4.3310770988464355,4.524258136749268,3.8297019004821777,1.1296230554580688,0.0,1.7963813543319702,3.095796585083008,1.5867892503738403,2.4648475646972656,2.9369468688964844,14.866719245910645,14.866719245910645,7.907320976257324,0.5041054487228394,0.0,0.300179123878479
0.6837013959884644,4.424388408660889,4.424388408660889,2.5272531509399414,1.500909447669983,2.0654754638671875,2.0654754638671875,3.565082550048828,1.8114911317825317,1.8114911317825317,0.7482818365097046,2.7520499229431152,4.524258136749268,0.9380854368209839,0.9380854368209839,0.0,1.2014471292495728,0.0,12.134474754333496,12.134474754333496,8.655982971191406,14.866719245910645,14.866719245910645,0.0,0.0,0.0,0.300179123878479
1.4981542825698853,1.4981542825698853,4.287440299987793,1.769835114479065,0.08363616466522217,10.108213424682617,10.108213424682617,4.839011192321777,8.677763938903809,3.1249570846557617,2.8572983741760254,0.7482818365097046,0.4732877016067505,3.359738349914551,4.173144817352295,4.173144817352295,1.6574097871780396,10.161788940429688,15.689436912536621,12.134474754333496,3.7983293533325195,0.0,0.0,2.976344585418701,2.976344585418701,0.6642040014266968,0.6642040014266968
1.0382360219955444,0.7423766851425171,4.287440299987793,0.0,1.56090247631073,1.6585131883621216,1.6585131883621216,0.09779012203216553,8.677763938903809,8.367975234985352,8.367975234985352,0.0,0.0,4.938498020172119,4.938498020172119,4.173144817352295,3.4553170204162598,2.986556053161621,1.9213625192642212,0.0,0.0,0.0,6.747859954833984,6.747859954833984,2.976344585418701,0.6505810022354126,0.0
0.02887594699859619,1.495597243309021,1.1601027250289917,1.1601027250289917,1.56090247631073,1.56090247631073,0.19410264492034912,0.0,0.0,0.0,0.0,1.6147395372390747,4.770437240600586,4.1540045738220215,4.1540045738220215,0.0,1.5147114992141724,1.5147114992141724,0.0,0.0,0.17445814609527588,0.2882000207901001,6.747859954833984,6.747859954833984,2.0113515853881836,4.017043113708496,0.07125699520111084
0.0,0.0,0.0,0.0,0.0,0.0,0.0,0.0,0.0,0.5602754354476929,2.3045387268066406,2.3045387268066406,4.770437240600586,0.6845248937606812,0.0,0.0,0.0,0.0,5.901185512542725,5.901185512542725,1.0656143426895142,0.2882000207901001,0.0,0.4182072877883911,0.6435803174972534,0.6435803174972534,1.0711029767990112
0.09427464008331299,0.0,0.0,0.0,0.0,0.0,0.0,0.0,2.9145045280456543,3.391295909881592,0.0,0.0,0.0,0.0,0.0,0.0,0.5772262811660767,1.0920487642288208,5.901185512542725,5.901185512542725,0.8645268678665161,0.0,0.0,2.578503131866455,0.8976343870162964,0.03194153308868408,0.012346982955932617
0.09427464008331299,0.0,0.0,0.0,0.0,0.0,0.0,0.0,2.9145045280456543,3.391295909881592,0.5238515138626099,0.0,0.0,0.0,0.0,4.697302341461182,6.157830238342285,3.9627909660339355,8.353294372558594,3.601327419281006,0.8645268678665161,0.0,0.0,0.0,0.0,0.0,0.012346982955932617
0.0,0.0,0.0,0.0,0.0,0.0,0.0,0.0,2.0837111473083496,2.0837111473083496,6.1209306716918945,6.1209306716918945,3.6973328590393066,2.204442024230957,2.204442024230957,4.697302341461182,7.007386207580566,9.675752639770508,8.353294372558594,2.556364059448242,0.0,0.0,0.0,0.0,0.950677752494812,0.950677752494812,0.0
0.0,0.0,0.0,0.0,0.0,0.0,0.0,0.0,1.1629515886306763,3.2358083724975586,14.714823722839355,6.1209306716918945,5.794541358947754,10.034912109375,10.111178398132324,8.61851978302002,7.587340354919434,9.675752639770508,6.689411163330078,1.802388072013855,0.0,0.0,0.0,0.0,0.0,0.0,0.0

Channel 27
0.2320239245891571,1.9503761529922485,1.4660450220108032,0.6063365936279297,0.4832104742527008,1.4653478860855103,1.4653478860855103,2.0904242992401123,2.0904242992401123,0.9876250624656677,0.9876250624656677,0.5626118183135986,0.5626118183135986,0.4916220009326935,0.5985907912254333,0.7990537881851196,1.456004023551941,1.456004023551941,0.35822880268096924,0.8747114539146423,1.4615747928619385,1.4615747928619385,1.1226798295974731,1.2374389171600342,1.2374389171600342,0.9840802550315857,0.6324248313903809
2.006363868713379,1.9503761529922485,1.4660450220108032,0.6695664525032043,0.6695664525032043,0.8356220126152039,0.2807654142379761,0.0,1.0096454620361328,0.9876250624656677,0.9876250624656677,0.3166862428188324,0.33304357528686523,0.13732996582984924,0.5985907912254333,0.7150443196296692,0.4958663880825043,0.44327065348625183,0.35822880268096924,1.2008130550384521,1.2619162797927856,1.1844656467437744,0.9643282294273376,2.8055834770202637,2.8055834770202637,0.4377288520336151,0.29098376631736755
2.006363868713379,1.1537621021270752,0.6292749643325806,0.6695664525032043,0.6695664525032043,0.7601803541183472,0.09063901752233505,0.09063901752233505,0.7053363919258118,0.0,1.1323931217193604,0.4627276360988617,0.0,0.3344348669052124,0.3344348669052124,0.08393395692110062,0.40915414690971375,0.7014445662498474,0.7014445662498474,1.5139838457107544,1.5139838457107544,1.4902775287628174,1.4902775287628174,2.8055834770202637,2.8055834770202637,0.4767444431781769,0.4154408276081085
2.11328125,0.6292749643325806,1.4767844676971436,0.2951519191265106,0.38918983936309814,0.23595759272575378,0.23595759272575378,0.09063901752233505,0.7053363919258118,0.0,0.783932626247406,0.783932626247406,0.5174041986465454,0.24036860466003418,0.24036860466003418,0.0,0.40915414690971375,0.5093305110931396,0.4236661493778229,1.5139838457107544,1.5139838457107544,1.1214243173599243,1.1214243173599243,1.0583478212356567,0.8831807971000671,0.8831807971000671,0.8993731141090393
2.11328125,1.3844324350357056,1.4767844676971436,0.0,0.0,0.26552343368530273,0.26552343368530273,0.16404783725738525,0.16404783725738525,0.0,0.783932626247406,0.783932626247406,0.5174041986465454,0.24036860466003418,0.24036860466003418,0.15585723519325256,0.0,0.412059485912323,0.412059485912323,0.0,0.6791844964027405,0.6791844964027405,1.7405762672424316,1.7405762672424316,0.8831807971000671,0.8831807971000671,0.8993731141090393
0.8746684789657593,1.5635977983474731,1.3844324350357056,0.0,0.0,0.2975541949272156,0.2975541949272156,0.09260808676481247,0.09260808676481247,0.5288825631141663,0.8249302506446838,0.27036088705062866,0.5506382584571838,0.5082838535308838,0.8918503522872925,0.8918503522872925,0.0905710980296135,0.29135972261428833,0.0,0.867412269115448,1.4969499111175537,0.8856789469718933,1.7405762672424316,1.7405762672424316,0.016284696757793427,0.3006029427051544,0.3006029427051544
1.0256633758544922,1.5635977983474731,0.8538560271263123,0.0,0.08961296826601028,0.08961296826601028,0.0,0.0,0.08077158778905869,0.5288825631141663,0.8249302506446838,0.17638477683067322,0.5342903733253479,0.5082838535308838,0.8918503522872925,0.8918503522872925,0.17188337445259094,0.21010231971740723,0.023401997983455658,0.867412269115448,1.4969499111175537,0.8856789469718933,0.8856789469718933,0.19818231463432312,0.0,0.5222857594490051,0.5222857594490051
1.583068609237671,1.583068609237671,0.8538560271263123,0.0,0.15477323532104492,0.14489716291427612,0.14489716291427612,0.0,0.2692308723926544,0.4413222372531891,0.17965301871299744,0.033114783465862274,0.15025612711906433,0.15025612711906433,0.4202558100223541,0.4202558100223541,0.17162176966667175,0.17162176966667175,0.26833754777908325,0.27179038524627686,0.6353147029876709,0.6353147029876709,0.2993209660053253,0.0,0.0,0.5222857594490051,0.5222857594490051
0.07298391312360764,0.0,0.0,0.0,0.1577187180519104,0.14673778414726257,0.14489716291427612,0.0,0.0325191393494606,0.4413222372531891,0.05068816989660263,0.03237801045179367,0.15025612711906433,0.15025612711906433,0.20404618978500366,0.20404618978500366,0.5324045419692993,0.5324045419692993,0.5625953674316406,0.30529531836509705,0.7965038418769836,0.6353147029876709,0.3413947820663452,0.45164498686790466,0.0,0.839155375957489,0.839155375957489
1.4300243854522705,1.4300243854522705,0.1710491180419922,0.215273916721344,0.9049791693687439,0.9049791693687439,0.00828966498374939,0.0,0.0,0.0,0.6326168179512024,0.6326168179512024,0.13306495547294617,0.13306495547294617,0.0,0.0,0.18528860807418823,0.44492992758750916,0.10774651914834976,0.13063248991966248,0.26536697149276733,0.6361244320869446,0.9001742005348206,0.9001742005348206,0.030661776661872864,3.438932418823242,3.438932418823242
6.081307411193848,2.5557758808135986,0.033955156803131104,0.0,0.4296577274799347,0.4296577274799347,0.04349464923143387,0.9230335354804993,0.9230335354804993,0.1583797037601471,0.6326168179512024,0.6326168179512024,0.13708087801933289,0.13708087801933289,0.30726826190948486,0.30726826190948486,0.004827611148357391,0.0,0.022450171411037445,0.13063248991966248,0.2795957624912262,0.6361244320869446,0.7616525292396545,0.7616525292396545,1.0843364000320435,3.438932418823242,3.438932418823242
6.081307411193848,2.5261247158050537,0.0,0.0,0.0,0.0035482868552207947,0.0,0.9230335354804993,0.9230335354804993,0.1583797037601471,0.12714597582817078,0.25853806734085083,0.25853806734085083,0.17663487792015076,0.30726826190948486,0.30726826190948486,0.05359628051519394,0.0,0.17159011960029602,0.032154381275177,0.2795957624912262,0.10514295846223831,0.3556501269340515,1.6983845233917236,1.6983845233917236,0.27480533719062805,0.0
1.2836029529571533,1.1931054592132568,0.1653059720993042,0.1653059720993042,0.26436859369277954,0.26436859369277954,0.31872111558914185,0.0,0.08173208683729172,0.024924591183662415,0.5809615254402161,0.25853806734085083,0.25853806734085083,0.4256782829761505,0.4256782829761505,0.34505224227905273,0.26510652899742126,0.0,0.5883726477622986,0.6185057759284973,0.6185057759284973,0.14248326420783997,0.97198086977005,1.7107106447219849,1.2788312435150146,0.8946186900138855,0.3748791217803955
1.7210216522216797,1.3167170286178589,0.979302704334259,0.1653059720993042,0.1467348337173462,0.6543905735015869,0.6543905735015869,0.2978598177433014,0.0,0.126445472240448,0.3554821014404297,0.0,0.2322896420955658,0.4256782829761505,0.4256782829761505,0.8659703135490417,0.8659703135490417,0.31722739338874817,0.31722739338874817,0.4018659293651581,0.6458220481872559,0.7451862096786499,0.97198086977005,1.4675304889678955,1.1672488451004028,0.8946186900138855,0.09764089435338974
1.3585412502288818,1.5128915309906006,1.5128915309906006,0.2841722071170807,0.2841722071170807,0.5618523359298706,0.5618523359298706,0.2978598177433014,0.781734049320221,0.781734049320221,0.2718321681022644,0.23004832863807678,0.23004832863807678,0.21044358611106873,0.2521633505821228,0.25437596440315247,0.2628366947174072,0.31722739338874817,0.31722739338874817,0.051469944417476654,0.6458220481872559,0.17358562350273132,0.8000563979148865,0.5512816905975342,3.5503973960876465,0.8109816908836365,0.11872287839651108
1.3585412502288818,1.3585412502288818,1.314873456954956,0.2841722071170807,1.1786017417907715,0.3416101932525635,0.0,0.06479977816343307,0.757392942905426,0.757392942905426,0.5404989123344421,0.23004832863807678,0.25772541761398315,0.25772541761398315,0.0168776735663414,0.25437596440315247,0.15532174706459045,0.15532174706459045,0.26747414469718933,0.5613940954208374,1.4685132503509521,0.3670271039009094,0.10183719545602798,0.7980555295944214,3.5503973960876465,1.5805245637893677,0.11872287839651108
0.22268638014793396,1.5423901081085205,1.6834640502929688,0.0,1.1786017417907715,1.1187632083892822,0.0,0.0,0.025699414312839508,0.36569729447364807,0.36569729447364807,0.07902226597070694,0.22922807931900024,0.19133874773979187,0.19133874773979187,0.40672576427459717,0.7377232313156128,0.15532174706459045,0.0,0.5613940954208374,1.4685132503509521,0.5839665532112122,0.6988013386726379,1.353708028793335,0.6654549837112427,0.6654549837112427,0.33787351846694946
2.106241226196289,1.5423901081085205,2.8765451908111572,2.8765451908111572,1.1187632083892822,1.1187632083892822,0.2791341543197632,0.2791341543197632,1.3001618385314941,1.3001618385314941,0.17275875806808472,0.33820006251335144,0.45685628056526184,0.35261449217796326,0.12677428126335144,0.050647951662540436,0.8251907825469971,0.9197245240211487,0.28873035311698914,0.616597592830658,0.6015585064888,0.6291002631187439,0.9332714676856995,1.353708028793335,0.6654549837112427,1.4425573348999023,0.5995301604270935
3.028653383255005,3.028653383255005,2.8765451908111572,2.8765451908111572,1.566811203956604,0.28066474199295044,0.1645001471042633,0.8004139065742493,1.3001618385314941,1.3001618385314941,0.6191369295120239,0.39243799448013306,0.5559049248695374,0.35261449217796326,0.5308730602264404,0.0,0.8251907825469971,0.9197245240211487,0.4749428331851959,0.616597592830658,0.3400677740573883,0.274494469165802,0.274494469165802,0.126983642578125,0.010021954774856567,1.4425573348999023,0.5995301604270935
0.7748753428459167,0.7406148910522461,1.4857374429702759,1.566811203956604,4.7915358543396,0.19703102111816406,0.5319297313690186,0.8004139065742493,0.420062392950058,0.7184810638427734,0.7184810638427734,0.616421103477478,0.05364144593477249,0.5293574333190918,0.8641074299812317,0.005706712603569031,1.2034363746643066,1.2034363746643066,0.4749428331851959,0.46922746300697327,1.0879374742507935,1.0879374742507935,0.7855223417282104,0.5018134713172913,0.5018134713172913,0.39203858375549316,0.39203858375549316
0.7748753428459167,0.8104526996612549,2.299715995788574,1.317425012588501,4.7915358543396,1.1825692653656006,1.1825692653656006,0.8033577799797058,0.5849156379699707,0.7184810638427734,0.7184810638427734,0.616421103477478,0.21208634972572327,0.5293574333190918,0.8641074299812317,0.5050495862960815,2.303593158721924,2.303593158721924,0.6988611221313477,0.2520161271095276,0.993303120136261,0.993303120136261,0.7855223417282104,0.5018134713172913,1.1806050539016724,0.4372367560863495,0.39203858375549316
1.0573315620422363,0.7132722735404968,1.5034267902374268,1.4841902256011963,0.7892880439758301,0.3792530596256256,2.64634370803833,0.8033577799797058,1.8008636236190796,2.557487726211548,2.456569194793701,0.22715577483177185,0.10315857082605362,0.18084585666656494,0.5929337739944458,0.6589441299438477,2.303593158721924,2.303593158721924,2.804584264755249,0.5120184421539307,0.5120184421539307,1.8217767477035522,1.8217767477035522,0.20371133089065552,1.5190088748931885,0.617813766002655,0.0
0.5790489315986633,0.0,1.0001442432403564,1.0001442432403564,0.06496233493089676,0.11018659919500351,2.64634370803833,2.36746883392334,2.4673399925231934,2.557487726211548,2.456569194793701,0.34540146589279175,0.004508957266807556,0.18084585666656494,0.4621429145336151,0.1905270516872406,1.8572287559509277,2.2917966842651367,1.6905932426452637,1.2303650379180908,0.9695993065834045,3.244140148162842,3.244140148162842,0.516421914100647,1.0405869483947754,1.0405869483947754,0.11418858915567398
0.6931820511817932,0.21097898483276367,0.22888603806495667,0.1060253456234932,0.1018274798989296,0.2537277340888977,0.2537277340888977,2.36746883392334,0.0,0.08072762936353683,0.34540146589279175,0.34540146589279175,0.15163743495941162,0.24918332695960999,0.24918332695960999,0.1905270516872406,0.5950924158096313,1.661406397819519,1.661406397819519,1.5416259765625,0.9321725964546204,1.090989589691162,1.090989589691162,0.516421914100647,0.38364511728286743,0.1359453797340393,1.8153742551803589
2.249932289123535,0.007517263293266296,0.1060253456234932,0.1060253456234932,0.1623140275478363,0.1623140275478363,0.25189682841300964,0.3082728981971741,0.3082728981971741,0.028252415359020233,0.8476812243461609,0.7305381894111633,0.15163743495941162,0.15163743495941162,0.05854644626379013,0.0,0.0,1.1531410217285156,1.5433878898620605,0.9439038634300232,0.4701481759548187,0.7572311162948608,0.7572311162948608,0.08824513107538223,0.23576116561889648,0.5352767705917358,1.8153742551803589
2.249932289123535,1.21015202999115,0.11016220599412918,0.38584089279174805,0.48175862431526184,0.48175862431526184,0.25189682841300964,0.3547079265117645,1.5433179140090942,3.335402250289917,1.9736703634262085,0.7841165065765381,0.7841165065765381,0.30642297863960266,1.5397948026657104,2.1128909587860107,2.1128909587860107,0.12204892188310623,0.8425716757774353,0.49856528639793396,0.0,0.8126099705696106,0.7572311162948608,0.08824513107538223,1.1697252988815308,2.292609930038452,2.292609930038452
1.21015202999115,1.21015202999115,0.8536815643310547,0.38584089279174805,0.4635951817035675,0.08896232396364212,0.0,0.4633851945400238,1.5433179140090942,3.335402250289917,1.9736703634262085,0.7841165065765381,0.7841165065765381,1.2498321533203125,2.9617271423339844,2.9617271423339844,2.1128909587860107,1.8652267456054688,2.198330879211426,2.198330879211426,0.0,0.5428250432014465,0.5428250432014465,0.11974965780973434,1.1697252988815308,0.9694152474403381,0.5823578834533691

Channel 28
1.9668772220611572,1.9668772220611572,2.19010853767395,2.4586007595062256,2.4586007595062256,1.9728984832763672,0.0,5.230945110321045,3.211721181869507,4.313711643218994,4.313711643218994,0.9584667682647705,3.5411927700042725,1.7210755348205566,3.57185435295105,5.191708564758301,5.191708564758301,2.512373447418213,1.3438853025436401,3.770112991333008,3.9499592781066895,3.9499592781066895,2.3100674152374268,2.2409322261810303,2.2409322261810303,1.051845669746399,1.5651159286499023
2.964599132537842,1.2816598415374756,2.19010853767395,0.8093209266662598,0.830324649810791,1.3895490169525146,1.2848751544952393,1.758204698562622,3.211721181869507,4.313711643218994,4.313711643218994,2.3586413860321045,3.204972743988037,1.441725254058838,3.57185435295105,5.191708564758301,5.191708564758301,3.1096768379211426,2.3699934482574463,3.770112991333008,3.9499592781066895,3.9499592781066895,2.3100674152374268,2.26899790763855,2.2409322261810303,1.6217598915100098,0.6827414035797119
2.964599132537842,0.7748981714248657,0.8975687026977539,3.0462875366210938,3.0462875366210938,1.0246961116790771,0.0,1.863579511642456,1.863579511642456,2.1594481468200684,2.847555160522461,2.847555160522461,1.1402391195297241,3.217041254043579,3.217041254043579,1.457206130027771,2.0826339721679688,2.183290958404541,2.3699934482574463,3.6695363521575928,2.900070905685425,3.3495900630950928,6.840426445007324,2.618777275085449,2.618777275085449,0.8400819301605225,0.6827414035797119
2.9754810333251953,1.135403037071228,1.1494649648666382,3.0462875366210938,3.0462875366210938,0.956842303276062,1.7061084508895874,1.863579511642456,1.863579511642456,1.5034711360931396,2.847555160522461,2.847555160522461,1.4484069347381592,4.000180721282959,4.000180721282959,1.5675292015075684,1.741977334022522,2.7074005603790283,2.7074005603790283,3.6695363521575928,3.8636484146118164,3.8636484146118164,6.840426445007324,2.67260479927063,2.618777275085449,0.23071378469467163,0.5792357921600342
2.879788875579834,3.858529806137085,3.858529806137085,3.0592379570007324,2.931349515914917,0.029115676879882812,1.7061084508895874,1.028410792350769,1.1084518432617188,1.1084518432617188,1.7110384702682495,2.41656494140625,1.4484069347381592,1.7886841297149658,1.7886841297149658,2.280431032180786,2.280431032180786,2.7074005603790283,2.7074005603790283,0.8857003450393677,3.8636484146118164,3.8636484146118164,1.266453504562378,3.6913609504699707,0.2338348627090454,0.2338348627090454,1.2342438697814941
2.377967119216919,3.858529806137085,3.858529806137085,3.0592379570007324,0.17349177598953247,0.02794487774372101,2.1617655754089355,1.3042280673980713,1.3042280673980713,1.9567148685455322,2.70613431930542,2.70613431930542,2.4102561473846436,3.47995924949646,3.47995924949646,2.4599480628967285,0.8072136640548706,2.065734386444092,0.7986466884613037,3.5759453773498535,2.5476717948913574,2.5476717948913574,2.0538852214813232,3.1032967567443848,1.5512205362319946,0.2338348627090454,0.9329173564910889
2.0932631492614746,1.8922793865203857,4.218569278717041,0.22034388780593872,0.08928604423999786,0.7577488422393799,1.7649257183074951,1.3042280673980713,1.3042280673980713,1.9567148685455322,2.70613431930542,2.70613431930542,2.0830435752868652,3.47995924949646,3.47995924949646,2.4599480628967285,0.36546871066093445,1.8045477867126465,0.7986466884613037,3.5759453773498535,2.5476717948913574,2.5476717948913574,3.5376815795898438,1.7531322240829468,1.1139636039733887,1.1640501022338867,1.1640501022338867
4.1222453117370605,4.1222453117370605,4.218569278717041,2.7855498790740967,1.4230031967163086,1.4230031967163086,0.020134836435317993,0.1511780321598053,2.3137853145599365,1.1686643362045288,1.1686643362045288,2.2726292610168457,1.375490665435791,1.375490665435791,1.3634508848190308,0.9704580307006836,0.9092344045639038,5.087203025817871,5.087203025817871,2.8181467056274414,0.8394906520843506,2.3418943881988525,2.3418943881988525,0.16249975562095642,3.2192187309265137,2.9381184577941895,2.8287506103515625
4.1222453117370605,4.1222453117370605,2.7855498790740967,2.7855498790740967,1.7204698324203491,1.7204698324203491,0.4992997944355011,0.6193743944168091,2.3137853145599365,1.6035747528076172,1.6035747528076172,2.2726292610168457,0.34171783924102783,0.19636070728302002,1.3634508848190308,0.7162344455718994,4.13811731338501,5.087203025817871,5.087203025817871,2.8181467056274414,3.488433599472046,3.488433599472046,2.3820109367370605,0.40975239872932434,7.016312122344971,2.0274245738983154,2.9015865325927734
4.5085577964782715,4.5085577964782715,0.45099422335624695,2.6659677028656006,3.1892781257629395,3.1892781257629395,0.6102529764175415,0.6193743944168091,0.33683305978775024,1.2761579751968384,1.2761579751968384,2.151841402053833,0.34171783924102783,0.5706363916397095,0.0,0.1910252869129181,4.13811731338501,0.23221391439437866,0.49137744307518005,0.9597907066345215,3.488433599472046,3.488433599472046,2.6451892852783203,2.5239174365997314,4.88400936126709,0.9495391845703125,6.722917556762695
4.5085577964782715,4.5085577964782715,0.791494607925415,2.6659677028656006,2.6659677028656006,2.291358709335327,1.235630750656128,0.17842251062393188,3.2705237865448,1.2761579751968384,1.2761579751968384,2.151841402053833,0.27513065934181213,0.48136958479881287,1.1980410814285278,1.1980410814285278,0.4899439513683319,0.23221391439437866,0.2867865264415741,0.2867865264415741,1.793631672859192,1.793631672859192,1.3567736148834229,4.120469570159912,2.991971015930176,2.991971015930176,6.722917556762695
4.995974540710449,4.995974540710449,0.791494607925415,1.3272265195846558,1.2654316425323486,1.2654316425323486,0.5082228183746338,0.25058647990226746,3.2705237865448,0.6172300577163696,0.6172300577163696,0.818004846572876,0.5515774488449097,0.8696411848068237,2.7369465827941895,2.7369465827941895,0.4899439513683319,0.1353202760219574,0.0,0.14701086282730103,2.218641757965088,2.218641757965088,2.0861480236053467,1.508476972579956,6.543276309967041,3.24627423286438,4.217519760131836
4.768022537231445,4.539371013641357,0.7256820201873779,2.6695985794067383,2.6695985794067383,0.5460689067840576,0.5460689067840576,1.1751787662506104,0.6202905178070068,0.32309192419052124,1.8723211288452148,1.8723211288452148,0.615646481513977,0.6856499910354614,1.3427425622940063,1.3427425622940063,1.6104719638824463,0.3118182420730591,2.307001829147339,2.307001829147339,4.795467376708984,4.795467376708984,4.609111309051514,4.484928131103516,5.76299524307251,0.6536519527435303,1.2408539056777954
2.7641854286193848,4.539371013641357,1.9317636489868164,2.6695985794067383,2.6695985794067383,0.9132869243621826,1.9605886936187744,1.7184590101242065,0.6202905178070068,1.2685353755950928,1.8723211288452148,1.8723211288452148,1.417785406112671,1.417785406112671,1.0026379823684692,2.15151309967041,4.071892738342285,0.7965919971466064,2.307001829147339,2.307001829147339,4.795467376708984,4.795467376708984,5.257861137390137,5.257861137390137,5.224930763244629,0.6536519527435303,1.4780253171920776
5.723081588745117,6.326961517333984,6.326961517333984,4.262325763702393,1.1023000478744507,0.4975394308567047,1.9605886936187744,1.9316143989562988,0.5188730955123901,5.538398742675781,2.71083402633667,0.6136786937713623,1.417785406112671,1.417785406112671,1.0026379823684692,1.0202147960662842,3.273660898208618,0.05060802400112152,1.410254716873169,4.262368202209473,2.601438522338867,2.601438522338867,5.257861137390137,5.257861137390137,6.4223856925964355,6.4223856925964355,1.5741106271743774
1.9500231742858887,4.7825541496276855,4.761009216308594,3.914018154144287,6.911669731140137,9.296621322631836,1.8454129695892334,1.8454129695892334,0.6522611379623413,5.538398742675781,2.71083402633667,1.740168571472168,0.8085830211639404,0.9684712886810303,1.3231310844421387,1.3231310844421387,1.5825390815734863,0.9497050046920776,1.1389011144638062,3.542539119720459,7.078907012939453,7.078907012939453,3.710500955581665,3.710500955581665,8.055212020874023,8.055212020874023,1.5741106271743774
0.0,2.463620901107788,3.3119142055511475,3.3119142055511475,6.911669731140137,9.296621322631836,3.3606972694396973,1.8454129695892334,0.7045422792434692,0.8486512899398804,1.740168571472168,1.740168571472168,5.2034831047058105,3.0907883644104004,3.0907883644104004,2.2923033237457275,2.766770601272583,2.766770601272583,0.9497050046920776,3.428422451019287,7.078907012939453,7.078907012939453,4.747203350067139,1.1899025440216064,2.956723213195801,4.106325149536133,0.963534951210022
1.9719336032867432,1.9719336032867432,3.3119142055511475,3.3119142055511475,5.4801483154296875,2.2439966201782227,3.3606972694396973,4.181438446044922,4.181438446044922,5.6726908683776855,0.9679889678955078,2.194153070449829,5.2034831047058105,3.0907883644104004,3.0907883644104004,1.5744296312332153,3.0557870864868164,3.0557870864868164,1.5670267343521118,2.5010311603546143,1.8784282207489014,1.2029129266738892,4.747203350067139,1.1009279489517212,0.2709522843360901,4.106325149536133,2.829806089401245
1.9719336032867432,1.9719336032867432,1.9722120761871338,2.452017307281494,3.1600677967071533,3.1600677967071533,1.0368804931640625,4.181438446044922,4.181438446044922,5.6726908683776855,2.4898390769958496,1.061807632446289,1.061807632446289,2.157454490661621,2.157454490661621,1.3550370931625366,3.0557870864868164,3.0557870864868164,2.306138753890991,3.661858558654785,3.661858558654785,0.6417551040649414,2.3799781799316406,0.08067843317985535,0.18064525723457336,1.2760956287384033,2.829806089401245
2.3151514530181885,4.818007946014404,4.818007946014404,1.8408969640731812,3.1600677967071533,3.330817937850952,2.0453693866729736,2.120440721511841,4.503276348114014,4.503276348114014,2.4898390769958496,2.1734747886657715,2.046747922897339,0.5347176790237427,2.550333023071289,0.524168848991394,1.2015553712844849,1.2956870794296265,2.306138753890991,2.306138753890991,2.0124385356903076,3.762718677520752,0.5369476079940796,0.9036588668823242,1.759453535079956,1.759453535079956,1.1651842594146729
1.8778455257415771,4.408204078674316,4.408204078674316,3.7663581371307373,1.6225597858428955,3.330817937850952,4.03174352645874,1.4045681953430176,4.503276348114014,4.503276348114014,2.516296148300171,2.1734747886657715,2.046747922897339,0.0,2.550333023071289,2.10290789604187,0.8285819292068481,5.358362197875977,1.7504349946975708,0.4157591760158539,0.11004638671875,3.762718677520752,1.1233574151992798,1.2986195087432861,1.759453535079956,1.759453535079956,1.1651842594146729
2.186652421951294,1.3225442171096802,2.112886905670166,2.3839399814605713,0.610828161239624,2.7248191833496094,5.394223690032959,5.394223690032959,5.95430850982666,0.8955343961715698,0.8955343961715698,0.4932045638561249,0.593998908996582,0.6513800621032715,1.2848942279815674,1.2848942279815674,0.8285819292068481,5.622349262237549,3.4874229431152344,0.25632330775260925,0.8010357618331909,0.8010357618331909,0.6936420202255249,1.463983416557312,2.5634381771087646,2.597108840942383,2.597108840942383
1.8250266313552856,0.06212696433067322,0.6994129419326782,1.3369945287704468,0.22311142086982727,0.22311142086982727,5.394223690032959,5.394223690032959,5.95430850982666,6.1616129875183105,6.1616129875183105,0.6357467174530029,0.42913779616355896,0.6513800621032715,0.44133469462394714,0.31927862763404846,0.20233061909675598,3.7715184688568115,3.7715184688568115,1.448617935180664,0.7134649753570557,0.7134649753570557,3.518601179122925,1.463983416557312,2.5634381771087646,2.009310007095337,1.1566928625106812
2.2347662448883057,0.08100131154060364,0.24555423855781555,0.24838685989379883,0.24838685989379883,0.22311142086982727,0.2183443307876587,0.2183443307876587,0.11317536234855652,1.134839415550232,3.513801097869873,0.6357467174530029,0.47451987862586975,0.08331248164176941,0.08331248164176941,0.2578413784503937,3.004971504211426,3.7715184688568115,3.7715184688568115,2.6349122524261475,1.237686276435852,1.237686276435852,3.518601179122925,0.17246028780937195,0.0,1.6713676452636719,1.6713676452636719
3.3821983337402344,0.5167373418807983,0.6194257736206055,0.24838685989379883,0.24838685989379883,0.0,0.2183443307876587,0.6844077110290527,0.700014591217041,1.1631642580032349,3.187548875808716,3.187548875808716,0.47451987862586975,0.08331248164176941,0.08331248164176941,0.19214126467704773,3.004971504211426,0.738885760307312,2.7792646884918213,2.6349122524261475,0.27314937114715576,1.347156286239624,1.347156286239624,0.24561214447021484,0.24561214447021484,1.6713676452636719,2.3119475841522217
3.3821983337402344,5.630600929260254,0.6309106349945068,0.909435510635376,0.909435510635376,0.3143872618675232,0.3143872618675232,0.7708672285079956,0.6844077110290527,7.375292778015137,7.375292778015137,4.955764293670654,0.13497409224510193,0.13497409224510193,0.6562294960021973,3.663831949234009,3.663831949234009,0.6885406970977783,0.08343741297721863,0.08343741297721863,0.0,0.9447979927062988,0.9447979927062988,0.40554890036582947,2.8045034408569336,2.8045034408569336,4.656086444854736
0.1674279272556305,5.630600929260254,1.6096837520599365,0.909435510635376,0.909435510635376,0.3143872618675232,0.3143872618675232,0.7708672285079956,1.9226150512695312,7.375292778015137,7.375292778015137,1.3560196161270142,2.981023073196411,2.981023073196411,8.313547134399414,8.313547134399414,3.663831949234009,1.399416446685791,1.5076853036880493,1.5076853036880493,0.5623667240142822,0.32881230115890503,0.32881230115890503,0.738503098487854,2.8045034408569336,2.8045034408569336,4.656086444854736

Channel 29
0.4510537087917328,1.88130521774292,0.48914042115211487,1.342749834060669,2.6208689212799072,1.6341657638549805,1.6341657638549805,1.896728515625,2.6156833171844482,1.0449140071868896,2.658381223678589,2.5765793323516846,2.001603603363037,2.7517569065093994,2.085533380508423,2.085533380508423,4.109740734100342,3.320812702178955,3.056140661239624,3.056140661239624,2.311786651611328,1.6289514303207397,1.6289514303207397,1.3662062883377075,3.046323299407959,1.9501979351043701,1.395058512687683
0.7313034534454346,1.88130521774292,0.9530601501464844,1.3410747051239014,2.5429039001464844,1.842881202697754,1.842881202697754,0.4053012430667877,2.7116570472717285,0.0,2.8972132205963135,2.164518356323242,2.3003387451171875,2.7517569065093994,3.759211778640747,3.759211778640747,4.109740734100342,2.2504537105560303,2.2504537105560303,5.546851634979248,5.546851634979248,1.1476463079452515,3.7736923694610596,3.7736923694610596,3.052645444869995,0.363420695066452,0.7531359195709229
1.2959710359573364,1.2959710359573364,0.9357110261917114,2.7286815643310547,3.080371379852295,1.6712820529937744,1.7974052429199219,0.4053012430667877,2.108729600906372,0.9520331621170044,1.6269947290420532,3.1434507369995117,2.164518356323242,1.6485834121704102,1.6533331871032715,0.6528127193450928,2.6446034908294678,2.5514204502105713,2.5514204502105713,5.546851634979248,5.546851634979248,2.9575631618499756,4.57008695602417,4.57008695602417,0.7615852355957031,0.23228862881660461,0.9683247804641724
1.27897310256958,1.27897310256958,1.0690219402313232,0.471173495054245,3.080371379852295,0.21419420838356018,2.10103702545166,2.10103702545166,1.629529595375061,0.9825470447540283,1.0892248153686523,3.1434507369995117,2.007173538208008,2.783226251602173,2.360177755355835,0.8147222995758057,1.0356345176696777,2.5514204502105713,2.5514204502105713,4.887624263763428,4.887624263763428,3.3511385917663574,4.57008695602417,4.57008695602417,3.6757829189300537,0.4687759578227997,1.3512141704559326
0.11735028028488159,0.5019049644470215,2.8263471126556396,0.7425781488418579,1.8364887237548828,0.4630068838596344,2.10103702545166,2.10103702545166,1.7663227319717407,0.5916825532913208,2.3061418533325195,1.8217315673828125,1.8217315673828125,1.7085338830947876,2.360177755355835,0.7019760608673096,1.460296869277954,1.0356345176696777,2.2209882736206055,1.8258566856384277,1.8258566856384277,1.1730061769485474,2.1117358207702637,3.9732701778411865,3.9732701778411865,0.4075082838535309,1.3512141704559326
0.11735028028488159,0.4378567636013031,3.229844093322754,0.7714099884033203,0.8203750848770142,0.919703483581543,0.919703483581543,0.7657895088195801,2.495208740234375,2.495208740234375,0.4481566250324249,0.5858254432678223,0.5578045845031738,1.7085338830947876,1.7085338830947876,0.8642504215240479,1.460296869277954,1.2303249835968018,1.2303249835968018,2.581904888153076,2.581904888153076,0.8938812017440796,2.6763036251068115,2.6763036251068115,3.079360008239746,2.1215198040008545,0.2627052068710327
0.4653894603252411,1.5704433917999268,3.801971912384033,3.801971912384033,0.8203750848770142,0.919703483581543,0.919703483581543,0.4750124514102936,2.495208740234375,2.495208740234375,0.5170743465423584,0.6518374681472778,1.1383476257324219,0.5838891267776489,1.3500179052352905,1.3500179052352905,0.6857452392578125,0.8593769073486328,0.5717648267745972,3.653327226638794,3.653327226638794,0.8749372959136963,3.444674015045166,3.444674015045166,3.6252665519714355,2.1909103393554688,0.12418138980865479
0.4653894603252411,4.723370552062988,3.801971912384033,3.801971912384033,0.27517345547676086,1.743611216545105,1.0629242658615112,1.0629242658615112,1.051251769065857,1.6973724365234375,0.37986621260643005,0.37056830525398254,1.5591256618499756,0.9961104393005371,0.7537177801132202,0.7537177801132202,0.7117670774459839,0.40316638350486755,2.3306446075439453,1.2461187839508057,1.2461187839508057,1.6474928855895996,3.444674015045166,3.444674015045166,2.9754080772399902,5.491371154785156,5.491371154785156
0.0,4.9855523109436035,0.037987932562828064,2.742006540298462,0.7613483667373657,1.2388973236083984,2.705960988998413,2.705960988998413,0.7171157598495483,1.6973724365234375,0.6248928308486938,0.6248928308486938,1.208795428276062,1.0299761295318604,0.541172981262207,0.47480466961860657,1.0532997846603394,1.0532997846603394,2.3306446075439453,0.7673758268356323,1.2117536067962646,1.7072625160217285,2.334091901779175,2.334091901779175,4.168972969055176,5.491371154785156,5.491371154785156
1.7318828105926514,2.900949001312256,1.321601152420044,1.3649086952209473,1.912599802017212,1.0711255073547363,2.705960988998413,2.705960988998413,0.585936427116394,1.283493161201477,1.283493161201477,0.6248928308486938,1.0299761295318604,1.0299761295318604,0.5851050615310669,0.47480466961860657,1.0532997846603394,1.2759242057800293,0.8373535871505737,0.8341054916381836,1.2117536067962646,1.2117536067962646,2.54990553855896,2.54990553855896,4.168972969055176,4.168972969055176,1.5103490352630615
2.093085527420044,2.093085527420044,2.0471606254577637,2.0471606254577637,2.4536967277526855,1.3199995756149292,1.3199995756149292,1.1811264753341675,1.1811264753341675,1.2951174974441528,1.2951174974441528,0.84454345703125,0.84454345703125,0.573706865310669,0.5851050615310669,0.5097712278366089,0.6257458925247192,1.2759242057800293,0.42249980568885803,0.8341054916381836,0.5341274738311768,1.065083622932434,1.6949403285980225,3.470794200897217,3.470794200897217,3.797454833984375,3.797454833984375
0.2340371012687683,0.5058853626251221,2.0471606254577637,2.0471606254577637,0.8657004833221436,1.1205477714538574,0.9817695617675781,1.8242099285125732,1.8242099285125732,1.032859444618225,0.7365306615829468,0.6535968780517578,0.8740479946136475,0.6809400320053101,1.1427513360977173,0.9985334873199463,0.5984972715377808,0.5729953050613403,0.45616719126701355,0.8397690057754517,0.5757299661636353,1.676168441772461,1.8489494323730469,2.8022916316986084,2.818631410598755,4.991776943206787,4.991776943206787
4.268544673919678,4.268544673919678,1.1968073844909668,1.8350143432617188,2.8611154556274414,2.538832426071167,2.538832426071167,1.5086748600006104,1.5086748600006104,0.7661787271499634,0.6535968780517578,0.6934187412261963,0.5822947025299072,1.4702976942062378,1.4702976942062378,0.9985334873199463,0.8930696249008179,0.7670800685882568,0.6368529796600342,1.234075903892517,0.5323574542999268,2.672853469848633,1.9247784614562988,1.3155852556228638,2.2801620960235596,5.205557823181152,5.205557823181152
4.268544673919678,4.268544673919678,1.344042181968689,1.344042181968689,2.8611154556274414,2.538832426071167,2.538832426071167,1.6206281185150146,0.757317066192627,0.757317066192627,1.726704478263855,1.726704478263855,0.4140946567058563,1.4702976942062378,1.4702976942062378,1.5432285070419312,1.5432285070419312,0.7902898788452148,1.8537673950195312,1.8537673950195312,1.4446229934692383,3.3663151264190674,2.8593952655792236,1.3155852556228638,4.592319965362549,4.592319965362549,0.0
1.5936254262924194,3.973747491836548,1.853189468383789,1.344042181968689,1.4068235158920288,1.3619786500930786,1.6206281185150146,1.6206281185150146,2.152437686920166,2.152437686920166,1.7942585945129395,1.7942585945129395,1.6406091451644897,1.4224059581756592,1.4224059581756592,1.5432285070419312,1.5432285070419312,1.1805007457733154,1.8537673950195312,3.0382511615753174,3.0382511615753174,1.7359603643417358,1.8845045566558838,2.5756752490997314,4.89619255065918,0.9048490524291992,0.0
1.6033450365066528,5.062380790710449,5.062380790710449,1.7295336723327637,3.122958183288574,3.122958183288574,1.5722434520721436,1.139878511428833,2.152437686920166,2.152437686920166,0.9457132816314697,1.6406091451644897,1.6406091451644897,1.0866003036499023,1.6573566198349,1.6573566198349,0.7855069637298584,1.1805007457733154,2.0403242111206055,3.0382511615753174,3.0382511615753174,1.7359603643417358,2.77306866645813,4.905639171600342,4.905639171600342,0.5249963998794556,0.3089096248149872
0.8998377323150635,5.062380790710449,5.062380790710449,4.3317413330078125,3.1012253761291504,3.1012253761291504,2.3137192726135254,1.3060327768325806,1.2880935668945312,1.2880935668945312,1.2104140520095825,2.2392735481262207,2.270963191986084,2.270963191986084,0.6997244358062744,1.4238228797912598,1.427994966506958,1.4856212139129639,1.775429368019104,1.775429368019104,1.0648698806762695,2.106802463531494,3.692502737045288,4.905639171600342,4.905639171600342,0.6293045282363892,0.808701753616333
2.8379294872283936,2.4157180786132812,2.592041492462158,4.3317413330078125,1.03995680809021,2.3137192726135254,2.3137192726135254,1.8847548961639404,1.2880935668945312,2.066232681274414,2.066232681274414,1.8447575569152832,1.8447575569152832,1.6310608386993408,0.9246212244033813,1.4238228797912598,1.427994966506958,1.5977134704589844,1.775429368019104,1.775429368019104,3.6611592769622803,5.466976165771484,5.466976165771484,1.4362698793411255,0.909760594367981,1.3399441242218018,1.3399441242218018
1.333122730255127,1.9510869979858398,3.5094878673553467,2.592041492462158,0.9583282470703125,3.345282793045044,1.0599526166915894,0.811636209487915,1.6715409755706787,1.6715409755706787,1.6242533922195435,1.3364766836166382,0.9484226703643799,1.6310608386993408,0.9246212244033813,0.8831058740615845,1.029504418373108,1.7008675336837769,2.727834701538086,0.9450509548187256,3.6611592769622803,4.15716552734375,4.15716552734375,1.501027226448059,1.501027226448059,1.3399441242218018,1.3915352821350098
0.8885000944137573,0.8885000944137573,4.514664173126221,1.3562184572219849,1.3562184572219849,4.015873432159424,3.849804639816284,2.120786190032959,2.120786190032959,3.26737117767334,1.1361662149429321,2.3432064056396484,0.23252218961715698,1.7400867938995361,1.7400867938995361,2.015991687774658,1.9472217559814453,1.7460060119628906,3.302184820175171,0.9450509548187256,1.7369331121444702,2.772003412246704,2.772003412246704,1.169110894203186,1.3067827224731445,0.10990068316459656,2.715794086456299
0.6325510740280151,0.6325510740280151,4.035572528839111,3.920062780380249,3.920062780380249,3.849804639816284,3.849804639816284,2.5713233947753906,2.5713233947753906,7.707982063293457,1.5323323011398315,2.5293281078338623,2.5293281078338623,4.192385196685791,3.999356985092163,2.7236812114715576,2.954050302505493,2.954050302505493,1.7460060119628906,0.06929650902748108,0.06929650902748108,2.189546823501587,2.189546823501587,0.978626012802124,2.9359588623046875,1.1829850673675537,0.9945616722106934
0.6585693359375,1.9571540355682373,2.11733078956604,3.920062780380249,3.920062780380249,6.375505447387695,6.375505447387695,3.1902058124542236,7.269372940063477,7.269372940063477,0.4003501236438751,1.398474097251892,0.14956295490264893,1.027294397354126,0.34878483414649963,2.7236812114715576,2.954050302505493,2.954050302505493,2.881882429122925,0.9591566324234009,0.9591566324234009,2.189546823501587,2.189546823501587,1.4615966081619263,3.4704225063323975,3.4704225063323975,2.036862850189209
0.6159460544586182,1.9571540355682373,1.9571540355682373,1.2888437509536743,1.2888437509536743,5.364427089691162,5.364427089691162,3.1902058124542236,7.269372940063477,7.269372940063477,3.3256659507751465,3.3256659507751465,0.026408657431602478,0.42555782198905945,0.42555782198905945,0.23682618141174316,1.073632001876831,2.881882429122925,3.572380304336548,3.572380304336548,1.2742606401443481,0.6783431768417358,1.4615966081619263,1.7728848457336426,3.4704225063323975,3.4704225063323975,2.036862850189209
1.0425050258636475,0.507014274597168,1.1664763689041138,1.1664763689041138,0.469589501619339,0.6450986862182617,0.6450986862182617,0.4478316009044647,1.7841601371765137,3.0472612380981445,2.410820245742798,2.410820245742798,0.026408657431602478,0.2767265737056732,0.2767265737056732,0.2942672371864319,0.28478068113327026,2.2087724208831787,3.572380304336548,3.572380304336548,1.010666847229004,0.828140377998352,0.8341219425201416,1.7728848457336426,0.5457611083984375,1.2465202808380127,1.528853178024292
1.3494997024536133,0.6426085233688354,0.6890699863433838,0.6665984392166138,0.07428836822509766,0.348964124917984,0.5046541690826416,0.5046541690826416,0.9095420837402344,0.9350810050964355,2.4010932445526123,1.2401258945465088,1.2401258945465088,0.0,0.0,2.649110794067383,3.000889301300049,3.000889301300049,2.468334197998047,0.2601360082626343,0.2601360082626343,0.828140377998352,0.31273046135902405,0.7309808731079102,3.1297037601470947,3.1297037601470947,1.528853178024292
0.4423987567424774,3.589200019836426,3.589200019836426,0.5564906597137451,0.5403462648391724,0.348964124917984,0.5046541690826416,0.5046541690826416,1.7020479440689087,0.719541072845459,7.227545261383057,2.442702293395996,2.442702293395996,0.8168898820877075,0.1887488067150116,2.649110794067383,4.0322041511535645,4.0322041511535645,2.299207925796509,0.5619778633117676,1.0456218719482422,1.0456218719482422,0.4391442835330963,1.8186514377593994,3.1297037601470947,3.1297037601470947,2.5668160915374756
0.5717008113861084,3.589200019836426,3.589200019836426,1.8005883693695068,0.8350156545639038,0.8350156545639038,0.3619028627872467,0.42678210139274597,0.988553524017334,0.900571346282959,7.288532257080078,0.8313686847686768,5.137314319610596,2.692981243133545,1.010551929473877,3.4903173446655273,4.0322041511535645,4.0322041511535645,0.5798805952072144,0.5798805952072144,1.0456218719482422,1.8704314231872559,1.8704314231872559,1.8186514377593994,1.9607534408569336,1.986969232559204,2.5668160915374756

Channel 30
0.9312815070152283,1.6210367679595947,1.6210367679595947,1.2187528610229492,2.031656503677368,0.7697141766548157,4.23382043838501,4.23382043838501,1.935668706893921,1.2302727699279785,3.751687526702881,3.751687526702881,0.7388649582862854,1.3728721141815186,1.3728721141815186,2.257265567779541,3.554938554763794,3.554938554763794,1.511854648590088,1.511854648590088,0.7418411374092102,0.6035239696502686,0.7825391888618469,1.6079628467559814,1.3179988861083984,1.6224558353424072,1.6224558353424072
1.2226786613464355,0.8046220541000366,0.8046220541000366,2.61568284034729,0.20346730947494507,1.0150563716888428,1.4947493076324463,1.935668706893921,1.935668706893921,1.0112545490264893,3.751687526702881,3.751687526702881,0.3553117513656616,1.3728721141815186,1.3728721141815186,2.552724599838257,1.0503480434417725,1.4397094249725342,1.511854648590088,3.6657986640930176,3.6657986640930176,1.6844921112060547,1.6844921112060547,2.575953483581543,2.575953483581543,1.549553394317627,0.7998745441436768
2.4768972396850586,0.4941478967666626,0.8962931036949158,2.61568284034729,1.9268531799316406,2.5968658924102783,2.5968658924102783,1.007509469985962,1.5442707538604736,0.9497646689414978,2.751904249191284,0.8031532168388367,0.9045650362968445,3.313521385192871,1.3135969638824463,1.3513472080230713,1.3513472080230713,1.433992862701416,1.433992862701416,3.6657986640930176,3.6657986640930176,1.6844921112060547,1.6844921112060547,2.575953483581543,2.575953483581543,1.019193172454834,0.7782580256462097
2.32595157623291,1.2011606693267822,0.8417132496833801,1.0845096111297607,0.7048295736312866,2.5968658924102783,2.5968658924102783,1.1362690925598145,1.5442707538604736,0.6014920473098755,2.2014801502227783,0.8031532168388367,0.9045650362968445,3.313521385192871,1.8892667293548584,1.3135969638824463,1.6850357055664062,1.6850357055664062,1.14298415184021,1.2820453643798828,2.545133113861084,0.6098220348358154,0.37464118003845215,3.3394787311553955,3.3394787311553955,1.3552634716033936,0.8836414217948914
1.9042980670928955,0.6829248666763306,3.8158204555511475,0.10086272656917572,0.7619206309318542,1.1758358478546143,1.1758358478546143,0.90324467420578,0.7106893062591553,0.6200592517852783,2.2014801502227783,1.10209059715271,0.5801666975021362,2.2766871452331543,1.8892667293548584,0.9925677180290222,1.6850357055664062,1.6850357055664062,0.4345547556877136,0.5199522376060486,1.1104497909545898,1.2073590755462646,2.880366086959839,3.3394787311553955,3.3441483974456787,1.8799958229064941,1.7956023216247559
1.9042980670928955,0.6829248666763306,4.047011852264404,1.8457212448120117,1.114255666732788,2.3616275787353516,2.3616275787353516,0.8536951541900635,1.0366475582122803,1.3128225803375244,1.0709223747253418,0.5078933835029602,0.7000368237495422,0.6308969259262085,1.3438606262207031,1.3438606262207031,0.6270636320114136,1.084352970123291,1.084352970123291,0.6719114184379578,0.6719114184379578,1.8291597366333008,2.880366086959839,2.880366086959839,2.911602020263672,4.327695369720459,1.5556542873382568
1.8214960098266602,2.315781354904175,1.8457212448120117,1.8457212448120117,0.3250637352466583,1.205688714981079,1.205688714981079,0.22897228598594666,0.3219364881515503,1.3128225803375244,1.0709223747253418,0.0,0.7000368237495422,0.6308969259262085,1.3438606262207031,1.3438606262207031,0.5485165119171143,0.5485165119171143,0.9826938509941101,0.7153048515319824,1.0495126247406006,1.055410623550415,1.4182353019714355,1.4182353019714355,2.236281156539917,4.406989097595215,0.5148138403892517
1.8214960098266602,1.1637213230133057,1.1637213230133057,2.8710501194000244,0.7947567701339722,0.9762890934944153,0.9762890934944153,0.4527322053909302,0.21437636017799377,0.859235405921936,0.45420902967453003,0.45420902967453003,0.680628776550293,0.6655281782150269,0.4131746292114258,0.3103119432926178,0.44706976413726807,0.44706976413726807,0.46751731634140015,0.7153048515319824,1.6184484958648682,0.5683736205101013,1.0083189010620117,1.0083189010620117,1.2116975784301758,2.126932144165039,2.126932144165039
1.7526681423187256,2.7603893280029297,2.7603893280029297,2.8710501194000244,0.7947567701339722,0.9762890934944153,1.5772781372070312,1.5772781372070312,0.42798715829849243,0.859235405921936,0.726472020149231,0.45420902967453003,1.3554093837738037,1.3554093837738037,0.6473365426063538,0.6757138967514038,0.6757138967514038,0.48865264654159546,1.3490452766418457,0.7981568574905396,1.6184484958648682,1.3670628070831299,0.74922114610672,0.74922114610672,1.2116975784301758,1.4753925800323486,1.4753925800323486
0.971319854259491,2.7603893280029297,2.7603893280029297,1.2754454612731934,2.171126365661621,0.08443818986415863,0.004338309168815613,0.8842255473136902,0.22474130988121033,0.12273246049880981,0.4825769066810608,0.4825769066810608,0.4315248131752014,0.9090905785560608,0.3717276453971863,0.6757138967514038,0.6757138967514038,0.4064580798149109,1.3490452766418457,0.9567556977272034,1.1541523933410645,1.489006757736206,1.6410014629364014,3.4086549282073975,3.4086549282073975,4.025693416595459,2.692026376724243
2.183915615081787,0.35739248991012573,1.1178925037384033,1.1178925037384033,2.171126365661621,0.49076610803604126,0.43209338188171387,0.5991272330284119,0.5991272330284119,0.12459680438041687,0.5128659009933472,0.4825769066810608,0.2841022312641144,0.2841022312641144,0.5757760405540466,0.0,0.18063631653785706,0.0,0.6468772292137146,0.6468772292137146,0.709030032157898,2.190229892730713,2.190229892730713,3.4086549282073975,3.4086549282073975,8.206198692321777,8.206198692321777
2.4777112007141113,1.5999493598937988,4.034810543060303,1.8302967548370361,1.0267560482025146,1.129047155380249,0.43209338188171387,1.2986178398132324,1.2986178398132324,0.30465275049209595,0.6086584329605103,0.8070624470710754,0.8070624470710754,0.4276192784309387,0.6142058968544006,0.5934126377105713,0.18063631653785706,0.09619075059890747,0.5731194019317627,0.27041909098625183,0.5303206443786621,0.09077072143554688,3.414440393447876,2.1707446575164795,2.1707446575164795,6.505744457244873,6.505744457244873
1.6234707832336426,1.5999493598937988,4.034810543060303,1.8302967548370361,1.0267560482025146,0.9499383568763733,0.5490065813064575,0.0,0.7582316994667053,0.7582316994667053,1.0352375507354736,0.8070624470710754,0.96378093957901,0.96378093957901,0.5934126377105713,0.5934126377105713,0.7887762784957886,0.7887762784957886,1.184734582901001,1.184734582901001,0.467159628868103,0.37809765338897705,3.414440393447876,3.2392446994781494,3.4123263359069824,3.4123263359069824,2.130571126937866
4.554310321807861,4.554310321807861,0.8058882355690002,0.8058882355690002,0.9499383568763733,0.9499383568763733,1.097536325454712,0.3092234432697296,0.7582316994667053,0.7582316994667053,1.0352375507354736,0.7611268162727356,0.7611268162727356,0.6554267406463623,1.516371726989746,1.3201251029968262,1.3201251029968262,1.7695121765136719,1.7695121765136719,1.184734582901001,0.7515626549720764,2.2531638145446777,2.2531638145446777,4.094995021820068,4.094995021820068,3.511460542678833,2.130571126937866
1.978691577911377,3.2753446102142334,0.8948484063148499,2.2090988159179688,2.2090988159179688,1.1460270881652832,1.28627347946167,1.28627347946167,2.4980199337005615,2.4980199337005615,0.5353715419769287,0.7611268162727356,0.8897125124931335,0.8897125124931335,0.8089076280593872,0.6346533894538879,0.9502665400505066,1.7695121765136719,1.7695121765136719,0.7469671368598938,0.7469671368598938,2.2531638145446777,2.2666118144989014,3.519164562225342,3.723383665084839,3.723383665084839,0.42815637588500977
1.775907278060913,2.0504400730133057,1.6406514644622803,2.2090988159179688,2.2090988159179688,1.232288122177124,1.6877448558807373,1.28627347946167,2.4980199337005615,2.4980199337005615,0.7540721297264099,1.0784142017364502,1.0784142017364502,0.711603045463562,0.3421814441680908,0.6436992883682251,0.9502665400505066,0.9502665400505066,1.7700397968292236,1.9575867652893066,1.190030813217163,1.2538437843322754,1.3465988636016846,7.5230255126953125,7.5230255126953125,0.5391722917556763,0.6122864484786987
2.1879255771636963,2.1879255771636963,4.255687713623047,1.1023147106170654,1.1597182750701904,1.1597182750701904,1.6655199527740479,1.1345891952514648,0.21998488903045654,1.5171873569488525,1.5171873569488525,2.027775764465332,2.027775764465332,1.0415756702423096,1.3401217460632324,1.3401217460632324,1.8100440502166748,0.4677199125289917,1.7700397968292236,3.575192451477051,1.989201307296753,2.3089044094085693,2.3089044094085693,7.5230255126953125,7.5230255126953125,0.48111486434936523,0.38353121280670166
2.1879255771636963,2.1879255771636963,4.685842037200928,4.685842037200928,1.9853508472442627,0.33564573526382446,1.066941261291504,1.6798789501190186,3.3223679065704346,3.3223679065704346,1.5171873569488525,2.027775764465332,2.027775764465332,0.08108064532279968,1.3401217460632324,1.3401217460632324,1.8100440502166748,0.7454246878623962,1.2717607021331787,0.8596240282058716,0.9022895693778992,6.554821491241455,6.554821491241455,0.20138028264045715,3.8203041553497314,3.8203041553497314,0.5063958168029785
4.222188472747803,2.112617254257202,0.9787902235984802,1.9853508472442627,4.094182968139648,0.8201794028282166,2.631070375442505,2.458930492401123,3.3223679065704346,3.3223679065704346,0.3704456686973572,1.7990913391113281,0.8647052645683289,0.8647052645683289,0.3049556314945221,0.34003525972366333,1.0317034721374512,0.6581604480743408,2.2294421195983887,0.9959145188331604,0.9959145188331604,3.9822909832000732,3.9822909832000732,0.49057239294052124,1.6607532501220703,1.6607532501220703,0.038466617465019226
4.222188472747803,1.5749332904815674,0.9608747363090515,0.9712508320808411,2.615955114364624,1.0348126888275146,2.7698869705200195,2.458930492401123,2.2334675788879395,3.2615623474121094,3.2615623474121094,1.7990913391113281,0.5169710516929626,1.2131156921386719,1.2131156921386719,0.34003525972366333,2.2359588146209717,2.2359588146209717,2.2294421195983887,0.9959145188331604,0.9959145188331604,0.8806527256965637,0.4454846978187561,0.35537442564964294,0.6774076223373413,0.21913480758666992,1.3129122257232666
2.2722041606903076,2.3355305194854736,3.722034454345703,3.722034454345703,3.240612506866455,3.240612506866455,1.5786995887756348,2.2334675788879395,2.2334675788879395,3.5338265895843506,3.5338265895843506,2.269266128540039,0.20951741933822632,1.4278233051300049,1.3367457389831543,1.3367457389831543,2.2359588146209717,2.2359588146209717,0.25080978870391846,0.25080978870391846,0.7677373886108398,0.24808132648468018,0.6703547835350037,0.6703547835350037,1.1411867141723633,0.7565996646881104,0.9822892546653748
0.9763819575309753,2.3355305194854736,3.722034454345703,3.722034454345703,0.5017182230949402,1.5786995887756348,1.5786995887756348,0.43916410207748413,4.250124454498291,4.250124454498291,3.5338265895843506,1.3266260623931885,0.8965988755226135,0.8965988755226135,1.3367457389831543,1.3367457389831543,2.4516680240631104,2.4516680240631104,1.6036105155944824,1.6036105155944824,0.7677373886108398,0.47907763719558716,0.23338842391967773,0.29370781779289246,0.03304415941238403,0.1229327917098999,0.9822892546653748
0.9266296029090881,0.9947441220283508,0.9947441220283508,1.0418148040771484,0.16453272104263306,0.17176613211631775,0.9339724183082581,3.1636157035827637,3.3885960578918457,1.3807623386383057,1.3807623386383057,0.36591705679893494,0.5002108812332153,0.5002108812332153,0.09463667869567871,0.37596672773361206,2.4516680240631104,4.274818420410156,2.4685006141662598,1.6036105155944824,0.6271170377731323,2.021289825439453,2.3195436000823975,0.9500234723091125,1.3945679664611816,1.3945679664611816,1.7345211505889893
0.34189045429229736,0.03837770223617554,0.10916469991207123,0.16453272104263306,0.18559721112251282,0.2584027051925659,0.45136362314224243,3.1636157035827637,3.3885960578918457,0.6427270770072937,1.7586002349853516,1.7586002349853516,0.31110864877700806,0.31110864877700806,0.09463667869567871,0.15806534886360168,2.596781015396118,3.2338967323303223,3.899523973464966,0.8122116327285767,1.9698286056518555,2.021289825439453,2.3195436000823975,1.4231293201446533,1.3945679664611816,1.3945679664611816,1.7345211505889893
0.34189045429229736,0.78452068567276,0.78452068567276,0.585699200630188,0.3092225193977356,0.28441041707992554,0.45136362314224243,0.40648984909057617,1.1295273303985596,3.0432846546173096,3.0432846546173096,1.2971818447113037,0.18981686234474182,0.19359102845191956,0.7131651639938354,2.6825735569000244,3.4893925189971924,2.596781015396118,3.899523973464966,1.7509593963623047,1.567962408065796,1.567962408065796,0.9996601939201355,1.4231293201446533,2.123948097229004,2.123948097229004,1.501856803894043
2.0923402309417725,2.0923402309417725,0.14837312698364258,0.585699200630188,0.8636727929115295,0.8636727929115295,0.7479506731033325,0.7161036133766174,1.4668238162994385,4.193746089935303,3.0432846546173096,2.673201084136963,1.9302902221679688,0.9003762602806091,0.7131651639938354,1.9840946197509766,3.4893925189971924,1.1083049774169922,0.932490885257721,0.932490885257721,1.567962408065796,1.567962408065796,0.9996601939201355,2.3298332691192627,2.3298332691192627,3.248629331588745,3.248629331588745
2.0923402309417725,2.0923402309417725,0.012828737497329712,0.061637669801712036,0.8636727929115295,0.8636727929115295,1.0191776752471924,1.0191776752471924,1.9706389904022217,4.193746089935303,1.441605806350708,2.6303699016571045,4.298062801361084,1.0961897373199463,1.6664924621582031,1.9840946197509766,1.9840946197509766,1.156339406967163,0.932490885257721,3.4433507919311523,1.3061747550964355,1.3061747550964355,0.8773780465126038,1.4282894134521484,1.648627758026123,3.248629331588745,3.248629331588745

Channel 31
1.0609571933746338,3.6372852325439453,0.0,0.0,8.156867980957031,0.0,0.0,2.9320425987243652,3.860098361968994,3.320652961730957,7.24677848815918,7.24677848815918,6.119394302368164,6.119394302368164,5.958736896514893,5.958736896514893,6.119568824768066,6.119568824768066,4.1017985343933105,4.688819408416748,4.688819408416748,3.7194366455078125,3.7194366455078125,1.652104377746582,0.0,0.0,0.0
1.0609571933746338,0.0,0.0,0.0,0.0,0.9689998626708984,0.9689998626708984,0.0,3.386965274810791,0.6817564964294434,7.24677848815918,7.24677848815918,3.369663715362549,4.868308067321777,7.40980339050293,7.40980339050293,6.355473518371582,4.1017985343933105,4.1017985343933105,2.69852352142334,2.9037108421325684,2.9037108421325684,1.652104377746582,1.652104377746582,0.0,0.0,0.0
2.433013916015625,1.6215684413909912,1.1354467868804932,2.399509906768799,4.759955406188965,0.0,6.076031684875488,0.0,3.6529288291931152,2.210761547088623,2.210761547088623,5.506593704223633,5.506593704223633,5.832608222961426,7.40980339050293,7.40980339050293,4.290153503417969,6.628755569458008,6.628755569458008,3.383812427520752,3.383812427520752,7.183391571044922,8.84341812133789,8.84341812133789,0.0,0.0,0.0
3.782496929168701,1.6215684413909912,1.1354467868804932,2.399509906768799,4.759955406188965,0.0,4.800128936767578,4.800128936767578,3.6529288291931152,0.0,5.9300713539123535,7.641468048095703,8.375541687011719,5.832608222961426,5.913797855377197,5.913797855377197,4.290153503417969,1.6872599124908447,5.700048923492432,5.700048923492432,5.249581336975098,7.183391571044922,7.183391571044922,7.215753555297852,7.215753555297852,0.7681779861450195,0.0
3.782496929168701,0.0,2.21846866607666,0.0,2.9957613945007324,0.0,0.0,0.0,7.603208541870117,0.0,5.9300713539123535,7.641468048095703,7.641468048095703,6.210812568664551,6.210812568664551,0.0,5.198405742645264,5.198405742645264,5.700048923492432,5.700048923492432,3.215683937072754,3.215683937072754,6.676051139831543,7.215753555297852,7.215753555297852,0.7681779861450195,0.0
0.2686126232147217,0.0,2.8551836013793945,0.0,0.0,2.9740495681762695,2.9740495681762695,0.0,7.603208541870117,5.1645941734313965,3.4949207305908203,2.791480541229248,2.8743910789489746,0.0,6.671701431274414,6.671701431274414,0.43130946159362793,3.1268234252929688,3.1268234252929688,3.4308605194091797,3.656062126159668,0.0,6.676051139831543,4.828674793243408,5.937418460845947,5.937418460845947,0.0
0.2686126232147217,0.0,5.769209861755371,5.769209861755371,0.0,0.18525958061218262,0.18525958061218262,0.0,5.1645941734313965,5.1645941734313965,3.4949207305908203,0.0,1.9413518905639648,0.0,6.671701431274414,6.671701431274414,0.0,2.988701820373535,0.33660006523132324,3.4308605194091797,3.656062126159668,0.0,4.828674793243408,5.214659690856934,5.937418460845947,5.937418460845947,0.0
0.0,8.435791969299316,0.0,5.181529521942139,0.0,3.2074365615844727,0.0,0.0,1.2726483345031738,5.329528331756592,0.0,3.5824594497680664,3.8806238174438477,0.0,4.4713134765625,4.4713134765625,0.0,0.0,3.5721611976623535,0.0,0.0,3.8284459114074707,2.6887826919555664,0.0,0.0,5.943511009216309,5.943511009216309
1.0406482219696045,8.435791969299316,0.0,5.181529521942139,0.0,3.2074365615844727,5.856312274932861,5.856312274932861,1.2726483345031738,5.329528331756592,0.0,3.5824594497680664,3.8806238174438477,3.3108372688293457,4.394829750061035,0.0,2.180612087249756,2.180612087249756,3.6613502502441406,3.6613502502441406,0.0,3.8284459114074707,2.6887826919555664,1.0172553062438965,5.347886562347412,5.943511009216309,5.943511009216309
1.0406482219696045,4.679446697235107,0.0,0.0,6.309823989868164,1.2014095783233643,0.880666971206665,0.880666971206665,0.0,0.0,3.139127254486084,3.139127254486084,0.0,1.799787998199463,4.394829750061035,0.0,1.8247261047363281,1.8247261047363281,1.1014552116394043,0.0,3.601478099822998,3.601478099822998,5.357007026672363,5.357007026672363,3.631425380706787,3.0928502082824707,2.8455586433410645
0.9899005889892578,0.9899005889892578,2.551712989807129,2.551712989807129,6.309823989868164,3.6260757446289062,3.6260757446289062,3.461787700653076,3.461787700653076,0.0,3.139127254486084,3.139127254486084,0.0,0.0,0.0,2.789207935333252,0.6214795112609863,0.0,0.0,0.0,0.0,5.318027496337891,4.155078411102295,4.006648540496826,4.353299617767334,4.353299617767334,2.176213264465332
0.24071216583251953,0.3583250045776367,2.551712989807129,2.551712989807129,0.0,3.6260757446289062,3.6260757446289062,4.627945423126221,4.627945423126221,0.0,0.0,2.1472339630126953,2.1472339630126953,3.217921257019043,1.5398344993591309,2.9563236236572266,1.3396940231323242,0.0,0.0,0.0,0.0,5.318027496337891,3.7293334007263184,0.0,4.353299617767334,5.970526218414307,5.970526218414307
4.694860458374023,4.694860458374023,2.676525115966797,4.0868659019470215,5.388067722320557,3.36208438873291,3.36208438873291,0.0,0.0,0.0,2.325611114501953,2.1472339630126953,2.1472339630126953,3.217921257019043,1.1638679504394531,1.1638679504394531,3.265082836151123,3.265082836151123,0.0,3.882401943206787,3.882401943206787,5.117737770080566,6.2973737716674805,4.099335193634033,1.1226396560668945,5.970526218414307,5.970526218414307
4.694860458374023,4.694860458374023,2.676525115966797,0.15491485595703125,0.0,3.36208438873291,3.36208438873291,3.3605074882507324,1.4012911319732666,1.000232458114624,0.0,0.0,2.1203722953796387,0.42603516578674316,2.7101502418518066,2.7101502418518066,3.6157102584838867,3.6157102584838867,3.806032180786133,3.806032180786133,0.0,5.117737770080566,4.910825252532959,4.099335193634033,3.58561372756958,4.161235809326172,3.5459389686584473
0.0,7.658360481262207,4.906095027923584,5.224099636077881,5.224099636077881,0.0,0.0,0.0,4.083562850952148,4.083562850952148,1.7042152881622314,0.0,3.0022993087768555,0.5129480361938477,2.7101502418518066,2.7101502418518066,0.0,0.9275434017181396,3.806032180786133,3.8513612747192383,4.103673458099365,2.1837716102600098,4.910825252532959,5.3334245681762695,4.215709686279297,7.200389862060547,0.0
1.3959910869598389,5.115067005157471,5.115067005157471,5.224099636077881,5.636878967285156,6.158514022827148,6.158514022827148,0.0,3.8645739555358887,3.8645739555358887,1.7042152881622314,0.0,0.0,0.0,0.0,3.737907886505127,3.737907886505127,2.4885964393615723,3.1315526962280273,2.6215410232543945,0.8910255432128906,3.088571071624756,3.088571071624756,5.3334245681762695,5.408140182495117,0.0,0.0
3.6796908378601074,1.536689043045044,5.61248254776001,4.549337387084961,5.636878967285156,5.636878967285156,3.944178581237793,4.113800048828125,0.0,0.0,6.630962371826172,6.630962371826172,2.3199963569641113,4.07590389251709,4.599425315856934,3.737907886505127,3.737907886505127,5.037062644958496,5.037062644958496,3.096371650695801,3.269193172454834,2.900519371032715,5.682096004486084,5.682096004486084,1.7922978401184082,0.0,0.0
3.6796908378601074,3.964125156402588,5.61248254776001,4.920158863067627,2.5223236083984375,4.656193256378174,4.656193256378174,4.113800048828125,6.2096147537231445,6.2096147537231445,6.630962371826172,6.630962371826172,4.428658962249756,4.07590389251709,3.888554573059082,6.08131217956543,6.08131217956543,4.718227863311768,1.6424832344055176,3.201943874359131,3.201943874359131,5.588787078857422,5.588787078857422,0.0,0.0,0.0,0.0
3.2052149772644043,0.8607690334320068,4.920158863067627,4.920158863067627,0.0,5.47981071472168,5.47981071472168,3.013282299041748,3.247560977935791,3.828260898590088,3.828260898590088,4.4503350257873535,4.4503350257873535,0.0,0.0,5.06880521774292,3.13059663772583,4.285772323608398,5.353643894195557,2.450082778930664,6.445314407348633,0.0,1.3173718452453613,1.203357458114624,0.8003060817718506,0.0,3.1747193336486816
0.0,0.0,6.274073600769043,1.7636566162109375,0.43626928329467773,5.47981071472168,5.47981071472168,2.9125514030456543,3.247560977935791,5.363553524017334,5.363553524017334,4.4503350257873535,4.4503350257873535,4.960606098175049,4.960606098175049,3.931424140930176,1.9011974334716797,4.285772323608398,5.353643894195557,0.0,0.0,0.7905306816101074,1.3173718452453613,1.203357458114624,0.8003060817718506,0.19233179092407227,3.1747193336486816
0.7095990180969238,0.7095990180969238,1.715108871459961,2.9939589500427246,2.9939589500427246,1.9014220237731934,3.095212459564209,0.0,0.0,5.363553524017334,5.363553524017334,4.398949146270752,0.7318906784057617,5.013140678405762,5.013140678405762,5.790853500366211,2.761138916015625,2.761138916015625,0.06693649291992188,0.0,0.0,1.7414114475250244,1.8116321563720703,1.8116321563720703,0.21356654167175293,0.8762307167053223,0.0
0.7095990180969238,0.7095990180969238,0.0,1.5049049854278564,1.5869648456573486,4.449460506439209,4.449460506439209,1.2983686923980713,3.1747350692749023,3.1747350692749023,1.3297231197357178,1.7244460582733154,1.6396608352661133,5.013140678405762,5.013140678405762,1.0828526020050049,1.0284764766693115,3.148561954498291,3.148561954498291,0.0,0.0,0.0,0.0,0.0,4.58807897567749,4.58807897567749,0.31005311012268066
0.5252680778503418,1.4998738765716553,0.9693822860717773,1.5049049854278564,0.0,1.585852861404419,1.585852861404419,1.2983686923980713,3.1747350692749023,3.1747350692749023,1.080155611038208,1.7244460582733154,0.0,0.0,0.29857373237609863,0.0,0.3274667263031006,2.622957706451416,3.116529941558838,3.116529941558838,0.0,0.0,0.0,0.08782649040222168,0.0,1.8373379707336426,1.8373379707336426
0.5252680778503418,0.3408839702606201,0.0,0.0,0.0,0.0,0.0,0.90641188621521,0.47376036643981934,1.9727675914764404,1.9727675914764404,1.2469720840454102,0.0,0.0,0.0,0.0,1.9396729469299316,2.622957706451416,5.111898899078369,5.111898899078369,0.0,0.0,0.0,0.0,0.0,0.0,3.57797908782959
0.0,0.0,0.0,0.0,0.0,0.0,0.0,0.0,0.0,0.30681467056274414,2.029404640197754,0.7274341583251953,0.042438507080078125,0.11781597137451172,0.11781597137451172,2.854341506958008,2.854341506958008,3.6924891471862793,4.358529090881348,4.358529090881348,0.0,0.0,0.0,0.0,0.1288437843322754,0.1288437843322754,0.338763952255249
0.0,0.0,0.0,0.0,0.0,0.0,0.0,0.0,1.2425432205200195,0.3854997158050537,4.465522289276123,4.465522289276123,1.4184646606445312,1.2226221561431885,1.2226221561431885,2.854341506958008,2.854341506958008,3.6924891471862793,3.6924891471862793,0.0,0.0,0.0,0.0,0.0,0.1288437843322754,0.3844282627105713,0.338763952255249
0.0,0.10660552978515625,0.0,0.0,0.0,0.0,0.0,0.0,1.2425432205200195,2.2284469604492188,4.465522289276123,4.465522289276123,4.5845770835876465,1.514000654220581,1.2226221561431885,1.1568069458007812,0.0,0.14860963821411133,2.132902145385742,0.0,0.0,1.8273670673370361,1.8664007186889648,1.0549676418304443,1.139373540878296,1.1923785209655762,0.0

Channel 32
2.2987658977508545,0.37484055757522583,0.9895076751708984,3.1451122760772705,3.5358879566192627,3.5358879566192627,1.7976300716400146,5.5478901863098145,2.856029510498047,3.9131526947021484,3.9131526947021484,5.731756210327148,4.2040886878967285,4.878696441650391,4.878696441650391,4.939761638641357,4.939761638641357,7.337008476257324,2.5891623497009277,2.8987109661102295,2.173442840576172,2.173442840576172,2.0640652179718018,2.456188917160034,4.40805196762085,4.40805196762085,2.385915994644165
5.592855930328369,0.37484055757522583,2.034916877746582,2.034916877746582,2.260064125061035,2.9495644569396973,2.5048270225524902,3.936589002609253,4.859663963317871,4.859663963317871,9.210500717163086,9.210500717163086,4.2040886878967285,4.878696441650391,4.878696441650391,7.867820739746094,7.867820739746094,3.80937123298645,3.6407837867736816,3.3159101009368896,4.316214561462402,4.316214561462402,3.4197890758514404,2.456188917160034,4.8856000900268555,4.8856000900268555,0.5145456790924072
5.592855930328369,1.4115453958511353,3.7022526264190674,3.7022526264190674,3.4609711170196533,3.4609711170196533,3.0290234088897705,3.118942975997925,4.859663963317871,4.859663963317871,9.210500717163086,9.210500717163086,6.020194053649902,5.552624702453613,5.552624702453613,6.33481502532959,4.301650524139404,4.656297206878662,3.2968342304229736,4.427518844604492,5.1700334548950195,4.390452861785889,3.4197890758514404,2.466418743133545,2.466418743133545,1.3993420600891113,0.9996806383132935
4.830833435058594,1.8638752698898315,1.8638752698898315,3.4101011753082275,3.4609711170196533,3.4609711170196533,2.7678465843200684,3.118942975997925,3.184878349304199,3.184878349304199,5.201772689819336,6.020194053649902,6.020194053649902,5.552624702453613,5.552624702453613,6.180365085601807,4.301650524139404,4.301650524139404,3.0675339698791504,4.380702495574951,4.469907283782959,4.469907283782959,3.9365901947021484,2.466418743133545,6.166277885437012,1.3993420600891113,2.5153796672821045
4.880920886993408,2.321561574935913,4.017611026763916,4.017611026763916,3.4101011753082275,2.7916932106018066,1.563462734222412,3.205570697784424,4.845925807952881,4.845925807952881,5.961292743682861,5.961292743682861,5.101074695587158,5.101074695587158,4.7327375411987305,4.7327375411987305,4.124981880187988,5.586957931518555,3.0675339698791504,3.311551809310913,2.1811649799346924,2.30301833152771,1.8977305889129639,3.633693218231201,6.166277885437012,1.0618172883987427,2.5153796672821045
4.1652374267578125,2.5100138187408447,4.878262042999268,4.878262042999268,3.1180601119995117,3.1180601119995117,5.6851806640625,2.519270181655884,4.845925807952881,4.845925807952881,3.2679026126861572,4.124058246612549,5.015517711639404,5.015517711639404,4.424800395965576,6.180078029632568,3.8622055053710938,2.0899159908294678,4.628369331359863,5.441800594329834,4.457406997680664,4.457406997680664,3.855713367462158,5.671797275543213,5.671797275543213,3.31783127784729,0.5340229272842407
5.644170761108398,3.3267133235931396,4.241456031799316,5.155052185058594,3.1180601119995117,3.1180601119995117,5.6851806640625,4.535454273223877,4.535454273223877,4.022817134857178,3.2679026126861572,3.7053496837615967,5.015517711639404,5.015517711639404,4.424800395965576,6.180078029632568,3.8622055053710938,0.9584311246871948,4.628369331359863,5.441800594329834,4.623838901519775,4.623838901519775,3.855713367462158,6.495899200439453,6.495899200439453,3.31783127784729,1.9411519765853882
5.644170761108398,3.5993499755859375,4.47942590713501,5.606815814971924,5.606815814971924,2.2775282859802246,2.2775282859802246,0.66437828540802,4.229080677032471,3.875953197479248,3.875953197479248,3.671156406402588,2.683462142944336,2.7995643615722656,2.7995643615722656,3.028430938720703,1.5429034233093262,5.417535305023193,5.417535305023193,2.5633704662323,5.163979530334473,5.163979530334473,2.0397610664367676,4.549471855163574,4.549471855163574,2.8332278728485107,5.55471658706665
5.508881092071533,3.5993499755859375,4.47942590713501,5.606815814971924,5.606815814971924,3.2860913276672363,3.2860913276672363,3.970856189727783,4.229080677032471,5.0355610847473145,5.0355610847473145,3.671156406402588,2.657860279083252,3.5557515621185303,3.1198160648345947,3.1198160648345947,6.319702625274658,5.417535305023193,5.417535305023193,6.452585220336914,5.163979530334473,5.225225925445557,5.225225925445557,4.074738502502441,5.823611259460449,2.8332278728485107,6.088935852050781
5.508881092071533,1.0456095933914185,2.6142852306365967,3.9374773502349854,6.282588005065918,6.282588005065918,3.197155714035034,3.970856189727783,0.657513439655304,3.4915571212768555,3.4915571212768555,4.041940212249756,2.657860279083252,2.657860279083252,3.1198160648345947,3.1198160648345947,6.319702625274658,1.1503119468688965,4.483335018157959,4.483335018157959,3.1289467811584473,4.149996757507324,4.149996757507324,12.749835014343262,6.936845302581787,6.936845302581787,3.3370676040649414
5.206906795501709,1.0456095933914185,0.9670261144638062,2.4039499759674072,6.282588005065918,6.282588005065918,3.267153263092041,3.267153263092041,3.0440597534179688,3.4915571212768555,3.4915571212768555,5.742581367492676,0.759636402130127,1.0102620124816895,3.617642879486084,3.617642879486084,1.2751939296722412,0.09997496008872986,3.039663791656494,1.4278286695480347,3.630464792251587,3.694769859313965,3.694769859313965,12.749835014343262,8.644859313964844,6.936845302581787,4.686975002288818
5.371101379394531,4.416565895080566,4.416565895080566,3.7940428256988525,4.632317066192627,4.632317066192627,4.102945327758789,4.102945327758789,7.490791320800781,1.412833571434021,1.412833571434021,2.36348557472229,3.3800666332244873,1.073423981666565,4.8355021476745605,4.8355021476745605,1.3102872371673584,0.659132719039917,2.2395639419555664,2.2395639419555664,3.630464792251587,3.630464792251587,5.0306077003479,5.0306077003479,8.644859313964844,2.8964028358459473,6.409249305725098
4.996102333068848,4.416565895080566,4.416565895080566,4.231805324554443,4.231805324554443,4.025893211364746,3.8303983211517334,1.3582870960235596,4.028598308563232,2.1492772102355957,4.384521007537842,4.384521007537842,3.3800666332244873,0.7283063530921936,3.3463573455810547,0.8503205180168152,6.575098991394043,2.0163657665252686,3.5473649501800537,3.5473649501800537,6.961272716522217,6.961272716522217,5.0306077003479,5.0306077003479,5.5954270362854,5.5954270362854,5.649895191192627
4.837368965148926,4.3434367179870605,3.6015737056732178,3.3243672847747803,4.204403877258301,5.784404277801514,5.784404277801514,3.3890883922576904,3.3890883922576904,1.8907408714294434,4.384521007537842,4.457189083099365,4.1109418869018555,3.0255956649780273,3.3463573455810547,3.264824390411377,6.575098991394043,4.584949016571045,4.584949016571045,3.5455729961395264,6.961272716522217,10.17093563079834,10.17093563079834,4.5715179443359375,2.0670278072357178,3.967782497406006,3.967782497406006
4.3326096534729,3.5694386959075928,5.734263896942139,5.734263896942139,5.582571983337402,5.784404277801514,5.784404277801514,5.964029312133789,3.3890883922576904,9.088197708129883,1.1568650007247925,6.575155735015869,2.5413146018981934,3.0255956649780273,3.0255956649780273,3.264824390411377,2.0976076126098633,3.1820645332336426,3.7174131870269775,9.912761688232422,4.6330437660217285,6.344812870025635,8.825912475585938,8.825912475585938,3.477555990219116,2.9620144367218018,2.9620144367218018
4.704109191894531,4.704109191894531,5.734263896942139,5.734263896942139,8.33080768585205,3.202625274658203,4.517602920532227,5.964029312133789,0.30089834332466125,9.184839248657227,3.4749231338500977,3.524038314819336,0.0,2.755619525909424,2.755619525909424,2.7439796924591064,3.0355117321014404,4.744489669799805,4.744489669799805,7.734886646270752,5.566201686859131,5.566201686859131,1.640756607055664,6.0334391593933105,7.745599269866943,7.745599269866943,2.062904119491577
6.262053489685059,4.226805210113525,6.207404613494873,6.207404613494873,4.6798176765441895,5.769413948059082,6.719498634338379,4.517602920532227,1.7055362462997437,4.072670936584473,4.072670936584473,7.411563396453857,5.77354097366333,3.4965527057647705,9.256179809570312,9.256179809570312,6.179257869720459,6.179257869720459,4.744489669799805,3.2142350673675537,5.489498615264893,5.489498615264893,2.753380060195923,3.1105735301971436,5.87740421295166,5.559425354003906,2.062904119491577
6.262053489685059,4.634794235229492,6.207404613494873,6.207404613494873,3.65427565574646,2.2144041061401367,6.719498634338379,8.061446189880371,8.061446189880371,8.756710052490234,3.394397497177124,8.39857006072998,5.77354097366333,5.2339582443237305,5.2339582443237305,4.7779130935668945,5.695795059204102,5.695795059204102,4.6515889167785645,1.9696605205535889,4.734662055969238,6.767203330993652,6.123659133911133,0.5965214371681213,1.4908664226531982,3.929859161376953,1.6158801317214966
4.6780781745910645,5.338839530944824,5.338839530944824,3.201066493988037,5.172613620758057,5.172613620758057,3.5434083938598633,8.061446189880371,8.061446189880371,8.756710052490234,3.62213397026062,3.62213397026062,6.543432712554932,1.854418158531189,2.562917470932007,2.7339730262756348,2.9884562492370605,2.9884562492370605,1.6318694353103638,2.1850204467773438,4.734662055969238,4.734662055969238,6.123659133911133,0.4424420893192291,2.6895437240600586,3.0457212924957275,1.678088665008545
3.49639892578125,1.1149280071258545,2.2082159519195557,2.2082159519195557,3.09470796585083,3.09470796585083,4.295419692993164,5.79010534286499,5.79010534286499,3.6663999557495117,5.25832986831665,3.9728665351867676,2.5721683502197266,1.854418158531189,3.5785272121429443,1.2875522375106812,1.4066349267959595,2.206498384475708,4.263919353485107,4.263919353485107,2.0899884700775146,2.821868658065796,1.0122144222259521,1.3320515155792236,2.6895437240600586,2.6895437240600586,1.188063144683838
2.1651971340179443,0.8999598026275635,1.5268590450286865,5.405888080596924,2.6976003646850586,3.7043614387512207,2.717180013656616,2.717180013656616,6.057901859283447,6.057901859283447,5.25832986831665,5.120952606201172,2.5721683502197266,0.45623978972435,6.322503089904785,1.598082423210144,1.464690923690796,4.681370735168457,1.1953707933425903,0.8421424627304077,2.0899884700775146,2.0899884700775146,0.5772908329963684,3.9538016319274902,1.5223194360733032,1.2437926530838013,1.2437926530838013
4.544750213623047,0.9978097677230835,3.0807113647460938,5.405888080596924,0.8859525322914124,4.342665195465088,2.717180013656616,2.717180013656616,9.299854278564453,2.564772844314575,5.120952606201172,5.120952606201172,2.162973403930664,1.2396328449249268,4.887717247009277,0.7936099767684937,0.7533367276191711,5.2966718673706055,0.8632595539093018,1.0499091148376465,1.0499091148376465,0.6719264388084412,1.5835096836090088,3.9538016319274902,1.3056530952453613,2.992736577987671,2.4776060581207275
4.544750213623047,1.4007421731948853,3.679154634475708,3.0807113647460938,0.8859525322914124,1.4695162773132324,1.5552096366882324,4.344502925872803,9.299854278564453,2.564772844314575,2.564772844314575,0.7514418363571167,1.2363440990447998,1.0259904861450195,0.4604041278362274,0.20881052315235138,1.7163058519363403,4.1684770584106445,1.4394330978393555,3.4125354290008545,1.1888841390609741,0.9136931896209717,1.7813630104064941,0.6411111950874329,3.003260850906372,2.992736577987671,2.3693645000457764
3.957988739013672,1.4007421731948853,1.4007421731948853,0.034092169255018234,0.18399643898010254,0.3891383409500122,0.3891383409500122,4.344502925872803,4.344502925872803,1.2702499628067017,3.6672511100769043,0.7514418363571167,0.7514418363571167,0.14523527026176453,0.4604041278362274,0.0,1.7163058519363403,1.7550865411758423,4.546047210693359,4.546047210693359,1.7438733577728271,1.7438733577728271,0.9136931896209717,1.1062618494033813,3.003260850906372,2.1628072261810303,0.7045562267303467
4.5146565437316895,1.1104005575180054,0.5569000840187073,0.2949029803276062,0.32944387197494507,0.3891383409500122,0.3891383409500122,1.4383655786514282,1.4383655786514282,4.618492603302002,2.410853624343872,2.410853624343872,0.01977015659213066,0.0,0.4451741874217987,0.4451741874217987,5.841437339782715,2.9891905784606934,4.555443286895752,4.555443286895752,1.2361891269683838,1.2361891269683838,0.7419975399971008,2.688655138015747,2.688655138015747,2.5021719932556152,2.243401288986206
4.0508012771606445,3.920471668243408,0.6186870336532593,0.5832962393760681,0.5832962393760681,0.4853418171405792,0.4853418171405792,0.4071919620037079,1.5081790685653687,7.847073554992676,5.065353870391846,5.63344144821167,3.1905221939086914,3.1905221939086914,1.8658069372177124,3.9117116928100586,5.841437339782715,2.9891905784606934,4.555443286895752,4.555443286895752,1.3369251489639282,0.7939720153808594,1.2793926000595093,2.8126442432403564,3.3813247680664062,3.3813247680664062,3.036830186843872
1.8347117900848389,3.920471668243408,2.8563570976257324,0.5832962393760681,0.5832962393760681,0.4853418171405792,0.4853418171405792,1.3543050289154053,1.5081790685653687,5.065353870391846,6.035033702850342,6.035033702850342,6.527960777282715,6.527960777282715,2.6519978046417236,3.9117116928100586,5.107300281524658,2.0355520248413086,2.0355520248413086,1.5866146087646484,1.5866146087646484,1.8219605684280396,1.2793926000595093,2.8126442432403564,3.3813247680664062,3.3813247680664062,3.036830186843872

Channel 33
8.640380859375,8.640380859375,1.2333927154541016,3.3722591400146484,3.3722591400146484,5.06822395324707,5.430548667907715,1.9261045455932617,2.5045006275177,1.881030797958374,2.270883560180664,1.7232309579849243,1.7232309579849243,1.4828240871429443,1.586915373802185,1.5576335191726685,2.1945512294769287,2.1945512294769287,1.944759488105774,1.944759488105774,1.1546502113342285,1.0419096946716309,2.1624231338500977,2.233671188354492,4.226108074188232,1.3779196739196777,1.4265272617340088
1.5595874786376953,2.148883104324341,2.188349723815918,2.0515003204345703,1.4969091415405273,3.43951678276062,0.3155040740966797,1.9261045455932617,1.2826130390167236,1.9761139154434204,2.270883560180664,2.130500555038452,1.4828240871429443,1.4828240871429443,1.2045198678970337,1.872671127319336,2.1945512294769287,2.1945512294769287,1.5919302701950073,0.6757522225379944,1.5195094347000122,1.0419096946716309,2.1624231338500977,2.1624231338500977,1.3959953784942627,1.1278451681137085,0.3177846074104309
2.725773572921753,0.24999061226844788,4.681318759918213,2.927652597427368,2.1674413681030273,1.2961727380752563,1.7859572172164917,0.439351886510849,0.9902576804161072,0.9902576804161072,1.1489307880401611,1.1499714851379395,1.939949631690979,1.939949631690979,1.2045198678970337,1.2045198678970337,1.4001529216766357,1.0427922010421753,1.0427922010421753,2.101933240890503,2.101933240890503,0.9438372254371643,0.8114139437675476,1.8657174110412598,1.8657174110412598,0.67604660987854,0.4853939712047577
0.8343247175216675,1.1635257005691528,4.681318759918213,1.0366177558898926,2.1674413681030273,1.2961727380752563,0.5040721893310547,0.5040721893310547,0.7834979295730591,0.7690951824188232,1.1489307880401611,1.7028623819351196,1.939949631690979,1.939949631690979,0.8764925003051758,1.5009856224060059,1.5009856224060059,1.0427922010421753,1.585639476776123,1.6621233224868774,2.8543426990509033,0.44911685585975647,0.8114139437675476,0.867464005947113,1.7625542879104614,0.8483119010925293,1.553947925567627
1.5795940160751343,1.0752073526382446,1.147996425628662,1.0366177558898926,1.0366177558898926,0.4203917980194092,0.5040721893310547,1.3363341093063354,2.0191640853881836,0.7690951824188232,1.1091903448104858,1.1091903448104858,1.8743711709976196,1.8743711709976196,1.9917570352554321,1.5009856224060059,2.010361909866333,2.010361909866333,1.585639476776123,1.585639476776123,2.8543426990509033,1.1478581428527832,1.4310438632965088,0.867464005947113,1.3364633321762085,1.1510449647903442,1.1510449647903442
1.9766803979873657,1.0752073526382446,1.7693779468536377,0.08537977188825607,1.2877541780471802,1.2877541780471802,1.2838857173919678,1.3363341093063354,2.0191640853881836,1.082211971282959,0.47393420338630676,0.5156890153884888,0.4937497675418854,0.3632512390613556,0.5184987187385559,0.32867172360420227,1.1817458868026733,0.7270232439041138,0.7255308032035828,1.655896544456482,0.48901042342185974,1.1478581428527832,1.4310438632965088,2.1025946140289307,2.1025946140289307,1.1510449647903442,1.1510449647903442
3.1403400897979736,3.1403400897979736,1.7693779468536377,1.216536283493042,0.27147772908210754,1.2838857173919678,1.2838857173919678,1.0917822122573853,1.1716316938400269,1.082211971282959,0.21910202503204346,0.2751839756965637,1.258411169052124,1.258411169052124,0.581035852432251,0.581035852432251,0.19578424096107483,0.7255308032035828,0.7255308032035828,0.3789575695991516,1.0552053451538086,0.7307748198509216,0.7307748198509216,0.9494364857673645,3.6444027423858643,3.6444027423858643,0.8694414496421814
3.1403400897979736,3.1403400897979736,1.6331804990768433,1.6331804990768433,1.521636724472046,1.521636724472046,0.11081301420927048,0.20567917823791504,1.1716316938400269,0.6193889379501343,0.12672564387321472,1.0428955554962158,1.258411169052124,1.258411169052124,0.35530903935432434,0.35530903935432434,0.3515698313713074,0.6305211186408997,0.7677953839302063,0.4238169193267822,0.9122571349143982,0.9122571349143982,0.576679527759552,0.9494364857673645,1.8281340599060059,0.04819807410240173,0.8706953525543213
2.3020386695861816,2.5938920974731445,1.6331804990768433,1.6331804990768433,1.0294818878173828,1.0969949960708618,1.0969949960708618,1.0068023204803467,1.0868784189224243,1.2360029220581055,0.11444547027349472,0.1544567346572876,1.1261295080184937,1.1261295080184937,1.0707470178604126,0.35530903935432434,0.9320381283760071,0.4322938621044159,0.7677953839302063,0.5140562057495117,2.3176658153533936,0.5191621780395508,0.8582333326339722,0.6982784867286682,1.8281340599060059,2.4977500438690186,2.4977500438690186
2.3020386695861816,2.5938920974731445,0.49014410376548767,1.4606977701187134,1.4606977701187134,0.348875492811203,1.0068023204803467,1.0068023204803467,0.2043720781803131,0.4831956923007965,0.7447420358657837,0.7447420358657837,1.1261295080184937,1.1261295080184937,1.0707470178604126,0.3218689262866974,0.3218689262866974,0.4322938621044159,0.5140562057495117,0.7874643206596375,0.7874643206596375,0.9586295485496521,0.8582333326339722,2.4756181240081787,1.4014976024627686,0.9570320248603821,0.9570320248603821
1.661368489265442,1.189003825187683,0.4637052118778229,1.4606977701187134,1.4606977701187134,0.5021654367446899,0.5021654367446899,0.6147627830505371,0.6147627830505371,0.38577795028686523,1.1328014135360718,1.1328014135360718,0.5845272541046143,0.8994044661521912,0.8994044661521912,0.457196980714798,0.10892722755670547,0.10892722755670547,0.2849743366241455,0.41655460000038147,0.41655460000038147,0.9586295485496521,0.6461408734321594,2.4756181240081787,3.571120023727417,3.571120023727417,2.102536201477051
2.8267219066619873,2.593714714050293,2.593714714050293,0.7918300032615662,0.8287146687507629,0.8287146687507629,0.5021654367446899,0.6259005069732666,0.4549162685871124,0.16897809505462646,0.16897809505462646,0.5845272541046143,0.5845272541046143,0.8994044661521912,0.8994044661521912,0.457196980714798,0.15864789485931396,0.13244158029556274,0.6291197538375854,0.6291197538375854,0.479595810174942,1.3268535137176514,1.4726859331130981,1.4726859331130981,3.571120023727417,3.571120023727417,2.951915740966797
2.8267219066619873,2.593714714050293,2.618192195892334,2.618192195892334,1.4686553478240967,0.8689778447151184,0.6546992659568787,0.6546992659568787,0.26808080077171326,0.422883540391922,0.565778911113739,0.44941446185112,0.8322988152503967,0.498505562543869,0.532223641872406,0.5394179821014404,0.5652240514755249,0.29003724455833435,0.6291197538375854,0.6291197538375854,1.7199344635009766,1.7199344635009766,3.9607126712799072,1.4726859331130981,3.1221039295196533,2.951915740966797,2.951915740966797
3.9148941040039062,3.9148941040039062,1.3869576454162598,0.7724449038505554,0.5248581767082214,0.43858498334884644,0.7011316418647766,2.0185890197753906,2.0185890197753906,0.7998412251472473,0.565778911113739,1.7824679613113403,0.7453399896621704,1.349094033241272,1.349094033241272,0.6862768530845642,0.9555861353874207,0.9555861353874207,0.8339509963989258,0.42740967869758606,0.5555241107940674,2.253164768218994,0.7158701419830322,3.053936243057251,4.428466796875,4.428466796875,2.3269338607788086
3.9148941040039062,3.9148941040039062,1.731746792793274,1.731746792793274,0.27181094884872437,0.2535977363586426,0.7011316418647766,2.0185890197753906,2.0185890197753906,1.2996684312820435,0.3002063035964966,1.7824679613113403,0.9829457402229309,0.5187812447547913,0.6795302033424377,0.6862768530845642,0.6862768530845642,1.7916765213012695,1.7916765213012695,1.4330085515975952,1.5471067428588867,2.974449634552002,2.974449634552002,4.922882556915283,3.6740033626556396,2.53761887550354,0.5429155230522156
2.4293835163116455,3.1019465923309326,2.859977960586548,2.0470006465911865,2.261363983154297,2.261363983154297,0.7707732915878296,0.8624100685119629,1.190934181213379,1.2996684312820435,0.5130001306533813,0.20838332176208496,0.20838332176208496,0.751166820526123,0.8578073382377625,1.4759966135025024,1.4759966135025024,0.8520412445068359,0.8520412445068359,0.6602564454078674,0.5487580299377441,0.8573684096336365,4.826110363006592,4.922882556915283,2.114737033843994,2.114737033843994,2.43953275680542
2.359717845916748,5.090613842010498,5.090613842010498,1.774266242980957,1.5173131227493286,0.69719398021698,0.9762338995933533,0.16055640578269958,0.10507897287607193,1.789711833000183,1.6560715436935425,1.6560715436935425,0.5614003539085388,1.1940916776657104,0.8578073382377625,1.4759966135025024,1.4759966135025024,1.567867398262024,1.567867398262024,1.5285041332244873,2.1352264881134033,2.591667413711548,4.826110363006592,4.879354476928711,2.300179958343506,2.114737033843994,2.43953275680542
4.2797160148620605,5.3294358253479,5.090613842010498,0.25174736976623535,1.1929490566253662,1.1929490566253662,0.9762338995933533,2.693166494369507,2.693166494369507,1.789711833000183,1.6560715436935425,1.6560715436935425,1.6113595962524414,1.8232308626174927,2.517272710800171,1.3487037420272827,2.5302021503448486,1.567867398262024,1.567867398262024,0.9495565295219421,2.1352264881134033,2.782139301300049,2.782139301300049,0.15605446696281433,4.360668659210205,1.1767030954360962,0.8640853762626648
4.2797160148620605,1.6719943284988403,2.3540003299713135,2.3540003299713135,1.1929490566253662,1.5308419466018677,0.5099820494651794,1.9183708429336548,1.9183708429336548,1.4924230575561523,1.7729769945144653,1.2671165466308594,1.1395621299743652,1.8232308626174927,0.6255396604537964,1.3487037420272827,1.4620696306228638,2.0161654949188232,2.0161654949188232,0.7302985787391663,1.8786388635635376,2.782139301300049,2.782139301300049,0.8489224314689636,4.360668659210205,2.326765775680542,2.4216458797454834
3.4782750606536865,1.6719943284988403,2.4376025199890137,2.3540003299713135,2.750547170639038,2.5823824405670166,0.7823386788368225,1.7970908880233765,1.7970908880233765,1.4924230575561523,1.7729769945144653,1.3375309705734253,1.3375309705734253,0.7236585021018982,0.2829626798629761,0.40399977564811707,0.8221529722213745,2.0161654949188232,2.0161654949188232,0.4672512710094452,0.7857683897018433,1.1639189720153809,1.221380591392517,1.221380591392517,1.322468876838684,2.326765775680542,2.4216458797454834
2.0509848594665527,2.0509848594665527,7.820284843444824,4.974056720733643,2.908179998397827,2.7680695056915283,0.3599950969219208,1.190350890159607,1.3042783737182617,1.3042783737182617,0.9949130415916443,1.3375309705734253,1.3375309705734253,1.3130548000335693,0.13755658268928528,0.5697425603866577,1.14769446849823,1.14769446849823,0.5388900637626648,0.4076865315437317,0.7857683897018433,1.1639189720153809,1.221380591392517,1.41143798828125,1.41143798828125,0.9414040446281433,1.3736295700073242
2.3680167198181152,2.6528749465942383,7.820284843444824,1.0044658184051514,0.9287822842597961,2.7680695056915283,0.9685699343681335,1.190350890159607,4.815340995788574,0.9278068542480469,0.9949130415916443,1.2074226140975952,0.3532816171646118,0.521205723285675,0.4771370589733124,1.39590585231781,1.39590585231781,3.112898349761963,3.112898349761963,2.2956135272979736,0.871171236038208,0.8367000818252563,0.5784207582473755,1.41143798828125,1.41143798828125,3.0912294387817383,3.0912294387817383
1.1512266397476196,4.202169895172119,4.202169895172119,0.21040254831314087,0.16608154773712158,0.23088523745536804,0.3744420111179352,1.9596163034439087,1.9596163034439087,1.5870776176452637,0.37896835803985596,0.4586203396320343,0.4733201563358307,0.31133463978767395,0.31133463978767395,1.39590585231781,2.215550422668457,3.112898349761963,3.112898349761963,2.2956135272979736,0.33718642592430115,1.9453712701797485,1.9453712701797485,0.41645562648773193,0.8703694343566895,3.0912294387817383,3.0912294387817383
1.527736783027649,0.2725948095321655,0.3916035592556,0.3916035592556,0.5274133682250977,0.5849031209945679,0.5849031209945679,2.167741298675537,1.9596163034439087,0.941654622554779,0.5556678771972656,0.5556678771972656,0.4733201563358307,0.31133463978767395,0.31133463978767395,3.1216049194335938,3.1216049194335938,1.2350108623504639,1.3652517795562744,1.3652517795562744,0.9289356470108032,1.9453712701797485,1.9453712701797485,0.7038607597351074,2.3528432846069336,2.4575977325439453,2.4575977325439453
1.527736783027649,0.5702724456787109,1.0271952152252197,1.0271952152252197,0.5274133682250977,0.5849031209945679,0.6207838654518127,0.6207838654518127,0.941654622554779,2.8107457160949707,0.5630069375038147,0.08962927013635635,0.09903977066278458,0.11598227173089981,1.4062345027923584,10.10935115814209,10.10935115814209,2.96000599861145,2.5623109340667725,1.2061423063278198,0.9289356470108032,1.5227285623550415,0.5237973928451538,1.9476567506790161,3.060450553894043,2.3528432846069336,1.7689366340637207
0.7276003956794739,0.5664242506027222,1.0271952152252197,1.0271952152252197,0.23254907131195068,0.5641050338745117,0.5641050338745117,0.26580625772476196,0.9975544810295105,2.8107457160949707,5.635886192321777,5.635886192321777,1.2290828227996826,1.2290828227996826,2.738055467605591,10.10935115814209,10.10935115814209,2.780521869659424,0.8862048983573914,0.9501680731773376,0.6784278154373169,0.5649091005325317,1.5092707872390747,1.82038152217865,3.060450553894043,1.7689366340637207,1.7689366340637207
0.8374555706977844,0.21305379271507263,0.29705488681793213,0.26359012722969055,0.6015761494636536,0.6623997092247009,0.6623997092247009,0.6884161233901978,0.9975544810295105,2.0911343097686768,5.635886192321777,5.635886192321777,2.368359327316284,1.6036179065704346,2.738055467605591,6.87965202331543,2.0062942504882812,2.0062942504882812,2.622868299484253,0.7407764196395874,0.954185426235199,1.473710060119629,1.473710060119629,0.5918826460838318,0.7605488300323486,1.6327157020568848,0.3800261914730072

Channel 34
1.5776937007904053,2.140529155731201,0.9927016496658325,1.5165709257125854,2.452603340148926,1.4786717891693115,4.020834922790527,3.385502338409424,3.536339044570923,2.567932605743408,2.864689350128174,2.864689350128174,2.091827630996704,2.4616222381591797,2.4616222381591797,3.381699562072754,2.4214534759521484,2.7737252712249756,2.7737252712249756,1.94976007938385,1.94976007938385,1.0288182497024536,3.25939679145813,3.25939679145813,1.793818712234497,1.793818712234497,1.080531120300293
0.0,0.9997915029525757,0.9927016496658325,0.9927016496658325,1.3547041416168213,0.4474128782749176,1.3305045366287231,3.385502338409424,2.297063112258911,1.1371314525604248,2.3388755321502686,2.3388755321502686,1.8233333826065063,1.599991798400879,1.827733039855957,2.059278726577759,1.4630093574523926,2.7737252712249756,2.7737252712249756,1.73893404006958,1.73893404006958,2.5684609413146973,3.084744453430176,3.084744453430176,1.793818712234497,1.793818712234497,1.080531120300293
0.0,1.090673804283142,2.2343995571136475,2.2343995571136475,2.2748610973358154,2.548372745513916,1.9171168804168701,0.7135921120643616,2.0431220531463623,2.0431220531463623,1.7301992177963257,2.523077964782715,2.523077964782715,3.758833885192871,2.682553768157959,2.682553768157959,1.6136415004730225,1.6136415004730225,1.6915861368179321,2.1087965965270996,2.1087965965270996,4.1486921310424805,4.1486921310424805,3.181887626647949,0.4835738241672516,0.13276459276676178,0.8458024859428406
1.2936094999313354,2.0298116207122803,1.7051719427108765,1.7051719427108765,1.653496503829956,2.1429219245910645,1.7935407161712646,1.7935407161712646,0.9960974454879761,2.0410869121551514,1.5021231174468994,1.5021231174468994,1.943615436553955,3.758833885192871,2.682553768157959,2.682553768157959,2.1407206058502197,2.1407206058502197,1.9865237474441528,1.9865237474441528,1.4900107383728027,1.3916065692901611,2.510383367538452,3.481689691543579,3.481689691543579,2.3945417404174805,0.9662041664123535
2.430453300476074,2.0298116207122803,1.5136983394622803,0.9007384777069092,2.283372163772583,1.9699875116348267,1.9699875116348267,2.077655553817749,2.3193299770355225,2.0410869121551514,1.5021231174468994,1.5021231174468994,2.4810118675231934,2.4810118675231934,2.234196662902832,1.259373426437378,2.1407206058502197,2.1407206058502197,1.9865237474441528,1.9865237474441528,0.9690604209899902,2.960103988647461,2.7196693420410156,3.481689691543579,4.118818759918213,0.9061720967292786,0.7461206316947937
1.0216882228851318,1.6896238327026367,1.838902235031128,1.838902235031128,2.1399593353271484,2.1399593353271484,1.9699875116348267,2.077655553817749,2.206033229827881,1.8360955715179443,1.1531054973602295,1.438522458076477,0.9872909784317017,1.1674243211746216,1.1650503873825073,1.259373426437378,1.7516061067581177,2.053248882293701,2.053248882293701,0.6418346762657166,1.686753273010254,2.960103988647461,2.7196693420410156,2.293222427368164,3.5182645320892334,3.5182645320892334,1.267714262008667
1.4525337219238281,1.6896238327026367,2.8083086013793945,2.8083086013793945,2.1399593353271484,2.1399593353271484,0.3433777391910553,0.982589840888977,1.8360955715179443,1.8360955715179443,0.5079648494720459,1.438522458076477,0.34720686078071594,0.9686020612716675,0.6420039534568787,0.6420039534568787,1.7516061067581177,1.37680184841156,1.37680184841156,0.3222499191761017,0.5519312620162964,2.6447041034698486,2.6447041034698486,2.7547287940979004,5.648684978485107,5.648684978485107,0.6704464554786682
3.519305944442749,2.4419100284576416,0.8854671120643616,2.2897789478302,1.6042828559875488,1.1639680862426758,1.1577657461166382,1.1577657461166382,0.982589840888977,2.4690628051757812,0.6844565272331238,0.6844565272331238,1.5787402391433716,0.9686020612716675,0.7458856105804443,0.7458856105804443,0.39456284046173096,0.7592468857765198,1.034989595413208,1.034989595413208,2.486750841140747,0.1006045788526535,0.8577572107315063,1.5633909702301025,1.725651502609253,5.910959243774414,5.910959243774414
2.7474796772003174,2.151458501815796,1.2913429737091064,2.1468045711517334,1.6042828559875488,1.3627650737762451,3.084144115447998,3.084144115447998,0.4715634286403656,2.4690628051757812,0.20712758600711823,0.49641290307044983,2.5173165798187256,2.5173165798187256,1.7168054580688477,0.5152134895324707,0.39456284046173096,0.5406756401062012,0.9252477884292603,0.4724334180355072,3.2522482872009277,0.649686872959137,2.3291826248168945,2.3291826248168945,3.120418071746826,5.910959243774414,5.910959243774414
1.3444843292236328,2.2549238204956055,1.2913429737091064,1.5969064235687256,0.3533470332622528,1.3627650737762451,1.9944614171981812,1.9944614171981812,0.4715634286403656,0.23341725766658783,1.0257208347320557,1.0257208347320557,2.5173165798187256,2.5173165798187256,1.7168054580688477,0.5152134895324707,0.3246936500072479,0.5406756401062012,1.2280006408691406,1.7503211498260498,1.7503211498260498,3.1068978309631348,3.545166015625,3.9703245162963867,4.573390960693359,3.120418071746826,2.5542030334472656
2.105506181716919,0.7025265097618103,1.1931205987930298,1.1931205987930298,0.7500814199447632,1.3069897890090942,1.3069897890090942,1.0531998872756958,1.0531998872756958,0.9374927282333374,0.9374927282333374,0.707354724407196,0.4367642402648926,0.4430418014526367,1.4203904867172241,0.3849044442176819,0.37785422801971436,0.06773331761360168,0.5354862213134766,0.7064748406410217,1.418365478515625,3.1068978309631348,3.5126864910125732,3.5126864910125732,3.1273202896118164,4.521979808807373,2.595144748687744
2.251920700073242,1.5547966957092285,3.717345952987671,1.380308985710144,0.7500814199447632,1.9691375494003296,1.9691375494003296,1.0764126777648926,0.5513204336166382,0.25828179717063904,0.9740920066833496,0.9740920066833496,1.3854706287384033,0.9591509103775024,1.9513682126998901,0.4392361640930176,0.4392361640930176,0.09679204225540161,0.8740681409835815,0.46928122639656067,1.418365478515625,2.7972021102905273,5.244197368621826,3.1273202896118164,3.1273202896118164,4.521979808807373,2.595144748687744
3.132319688796997,3.132319688796997,3.717345952987671,3.2995824813842773,1.648180603981018,2.104004144668579,2.104004144668579,0.5799552202224731,0.5717678070068359,0.9319646954536438,1.1421664953231812,0.9740920066833496,1.3854706287384033,1.0555129051208496,1.0555129051208496,1.9628217220306396,1.9628217220306396,1.7218034267425537,2.5584466457366943,0.4939853847026825,0.46928122639656067,0.6133381724357605,5.244197368621826,1.4705480337142944,4.184922218322754,5.000328540802002,5.000328540802002
4.098030090332031,5.4844818115234375,2.231168031692505,1.3042417764663696,1.7495484352111816,3.383775234222412,3.383775234222412,0.8119531273841858,1.4031565189361572,1.462839126586914,0.3328097462654114,0.912902295589447,1.7080845832824707,2.6627631187438965,2.6627631187438965,2.454223155975342,2.454223155975342,1.8471400737762451,2.026632308959961,2.026632308959961,1.3883540630340576,1.4787132740020752,1.4787132740020752,4.277033805847168,5.069287300109863,5.000328540802002,5.000328540802002
4.119686126708984,5.4844818115234375,1.9900156259536743,4.088201999664307,4.088201999664307,2.1672420501708984,2.1672420501708984,0.9652975797653198,5.09412145614624,5.09412145614624,0.6875596642494202,1.4916393756866455,1.2107353210449219,2.1308953762054443,2.1308953762054443,0.9631093740463257,0.9631093740463257,2.8889546394348145,2.8889546394348145,2.207791328430176,1.3883540630340576,1.7712898254394531,0.5538302659988403,4.547829627990723,5.189358711242676,2.223437547683716,0.4591125547885895
4.538571357727051,6.626964569091797,6.626964569091797,4.088201999664307,4.911978721618652,4.911978721618652,2.5766103267669678,0.9652975797653198,1.5738242864608765,1.5738242864608765,0.6539521217346191,1.2055299282073975,0.5997805595397949,1.1031700372695923,2.450380563735962,0.1796059012413025,2.1223671436309814,2.21964693069458,2.21964693069458,1.2743539810180664,1.9039990901947021,1.048410415649414,4.742396354675293,4.742396354675293,4.844241619110107,0.4340614974498749,1.9806758165359497
1.718779444694519,6.626964569091797,6.626964569091797,3.266324996948242,0.906795084476471,2.5766103267669678,2.5766103267669678,1.7683906555175781,0.9158270359039307,2.2317700386047363,3.3419642448425293,3.3419642448425293,1.8546291589736938,2.7991957664489746,2.450380563735962,1.8360419273376465,3.8958046436309814,3.649510622024536,4.510641098022461,4.510641098022461,0.8755139708518982,3.625622272491455,4.742396354675293,4.742396354675293,2.213318109512329,2.424679756164551,4.297051429748535
2.0708272457122803,1.1692492961883545,3.1069259643554688,3.266324996948242,3.094129800796509,0.26136162877082825,1.49631929397583,2.375786304473877,3.7779037952423096,3.7779037952423096,3.3419642448425293,3.3419642448425293,2.437870502471924,2.7991957664489746,1.8360419273376465,2.537217378616333,3.8958046436309814,3.649510622024536,4.510641098022461,4.510641098022461,3.3711094856262207,3.3711094856262207,0.9167897701263428,1.6970406770706177,1.5450366735458374,2.424679756164551,2.424679756164551
0.7657392024993896,1.4213002920150757,1.4213002920150757,3.094129800796509,3.094129800796509,2.1042063236236572,2.83188796043396,2.609637975692749,2.609637975692749,1.5784715414047241,2.78226375579834,2.78226375579834,2.437870502471924,0.5906990766525269,1.676215648651123,2.537217378616333,0.4837169349193573,0.2690494954586029,2.2998416423797607,1.7126184701919556,3.3711094856262207,3.3711094856262207,0.5617310404777527,0.5617310404777527,2.5257880687713623,2.5257880687713623,5.675063610076904
1.3806902170181274,2.201019287109375,2.786738395690918,2.786738395690918,3.005411386489868,5.739315032958984,5.739315032958984,2.609637975692749,2.609637975692749,1.6043226718902588,1.3493934869766235,1.1434454917907715,1.1434454917907715,2.1164588928222656,2.1164588928222656,1.676215648651123,2.9902355670928955,2.9902355670928955,2.2998416423797607,1.2004783153533936,1.6755850315093994,1.6153361797332764,1.2882046699523926,1.0578819513320923,2.5257880687713623,2.5257880687713623,5.675063610076904
1.3806902170181274,0.7335670590400696,2.932837963104248,2.932837963104248,3.005411386489868,5.739315032958984,5.739315032958984,1.9402529001235962,1.0288726091384888,2.707418918609619,3.8502137660980225,1.108912467956543,2.3294739723205566,1.5400434732437134,1.854845643043518,0.789669394493103,2.9902355670928955,2.9902355670928955,1.7343770265579224,1.2004783153533936,1.4449830055236816,1.4449830055236816,1.2882046699523926,0.9331372380256653,0.9331372380256653,1.8976809978485107,0.981792688369751
0.6720510721206665,2.4039549827575684,2.4039549827575684,1.2968450784683228,1.8755249977111816,7.472259521484375,7.472259521484375,1.7744461297988892,1.095245361328125,5.118711471557617,3.8502137660980225,0.8248971104621887,2.3294739723205566,1.2672662734985352,1.2672662734985352,0.1485203206539154,0.09042005240917206,1.4997557401657104,2.8498945236206055,2.8498945236206055,1.1685200929641724,2.003384590148926,2.003384590148926,2.0057990550994873,2.0057990550994873,2.3438823223114014,3.1332013607025146
0.7442255020141602,2.4039549827575684,2.4039549827575684,0.05137309804558754,0.8571240305900574,4.009851455688477,2.7824764251708984,6.380962371826172,5.778334617614746,5.442066669464111,5.442066669464111,0.8248971104621887,0.4880776107311249,0.1717740297317505,0.1717740297317505,0.1485203206539154,0.8522275686264038,2.6459686756134033,2.7126107215881348,2.7126107215881348,1.0723785161972046,2.003384590148926,2.003384590148926,1.1555638313293457,1.1555638313293457,2.570998430252075,3.1332013607025146
0.19462676346302032,0.9987258911132812,0.9987258911132812,0.0,0.3045841157436371,0.44702914357185364,0.44702914357185364,6.380962371826172,5.778334617614746,5.442066669464111,5.442066669464111,0.3236039876937866,0.4333435297012329,0.30489033460617065,0.21185408532619476,0.09888918697834015,0.8522275686264038,2.016423225402832,3.35748553276062,3.35748553276062,1.0946372747421265,0.9018716812133789,1.226270318031311,1.226270318031311,1.6877069473266602,1.742167353630066,1.742167353630066
1.6063311100006104,1.6063311100006104,1.1400020122528076,1.1400020122528076,0.6226117014884949,0.44702914357185364,0.44702914357185364,1.7797307968139648,1.7797307968139648,4.797630310058594,7.1848859786987305,2.503880739212036,0.3178805410861969,0.3161541521549225,0.6620336771011353,1.5045663118362427,1.5045663118362427,0.9148687720298767,1.4880282878875732,1.4880282878875732,0.7424060106277466,0.5769041776657104,1.226270318031311,2.505411386489868,2.144531011581421,3.6114988327026367,3.6114988327026367
4.884944438934326,4.884944438934326,1.1400020122528076,1.1400020122528076,0.6226117014884949,0.5604053139686584,0.5840950012207031,0.20068947970867157,1.6119916439056396,8.160649299621582,6.494520664215088,6.494520664215088,2.815094470977783,0.8829855918884277,0.7935810685157776,0.9611728191375732,0.9611728191375732,2.0585694313049316,3.2029411792755127,1.4096182584762573,1.8742400407791138,0.6084131598472595,1.185502290725708,2.505411386489868,0.899538516998291,3.6114988327026367,3.6114988327026367
3.209878444671631,4.751333713531494,0.9139527678489685,1.0091513395309448,1.0091513395309448,0.6767898201942444,0.5840950012207031,1.1554102897644043,1.3566597700119019,2.692505359649658,3.821206569671631,5.5622239112854,4.969691276550293,2.4156010150909424,2.3793389797210693,1.6520344018936157,1.846255898475647,1.846255898475647,2.0123648643493652,2.4224772453308105,1.247473120689392,1.247473120689392,0.801216721534729,1.971551537513733,1.971551537513733,1.5609781742095947,3.109847068786621

Channel 35
2.5494654178619385,2.139233350753784,2.279521942138672,2.7863433361053467,2.767765522003174,2.767765522003174,2.5286011695861816,2.961106300354004,2.759276866912842,2.943301200866699,2.418748378753662,3.1694259643554688,3.1694259643554688,2.891448974609375,2.891448974609375,2.485370397567749,2.599346160888672,3.3503942489624023,3.3503942489624023,3.1437089443206787,2.0498287677764893,2.5780885219573975,2.5780885219573975,2.4314675331115723,2.5189805030822754,2.5189805030822754,2.8676199913024902
1.958022117614746,1.4017462730407715,1.4017462730407715,1.4629859924316406,2.018117666244507,2.018117666244507,2.430394411087036,2.961106300354004,2.822178363800049,2.943301200866699,2.5131759643554688,3.1694259643554688,3.4917545318603516,3.4917545318603516,2.887235403060913,2.887235403060913,3.2773239612579346,3.2773239612579346,3.1437089443206787,3.1437089443206787,2.367598533630371,2.197640895843506,2.1081337928771973,2.4314675331115723,2.4258172512054443,1.5548187494277954,3.5321381092071533
2.037949800491333,2.037949800491333,1.5195801258087158,1.9454970359802246,2.018117666244507,2.508143424987793,2.430394411087036,3.2333481311798096,3.208434820175171,3.208434820175171,3.4169485569000244,2.7397842407226562,3.4917545318603516,3.864908456802368,2.887235403060913,2.887235403060913,3.2773239612579346,3.2773239612579346,3.380509853363037,3.380509853363037,3.0585668087005615,3.0585668087005615,1.6784064769744873,2.1982524394989014,1.8159642219543457,1.9007232189178467,3.5321381092071533
2.037949800491333,2.037949800491333,1.8608295917510986,2.525350570678711,2.6255505084991455,2.841174602508545,2.841174602508545,3.2333481311798096,2.9956297874450684,3.0406856536865234,3.711573839187622,3.711573839187622,3.3632516860961914,3.864908456802368,2.9670870304107666,2.974207878112793,3.3329341411590576,3.3329341411590576,3.301224708557129,3.301224708557129,3.0585668087005615,3.0585668087005615,2.490466833114624,2.364589214324951,1.8621575832366943,1.6397042274475098,3.283827066421509
2.789309024810791,2.3971140384674072,2.6500513553619385,2.6500513553619385,2.712013006210327,2.841174602508545,3.1503891944885254,2.791076183319092,2.9956297874450684,3.2992217540740967,3.4279823303222656,3.4279823303222656,3.5134146213531494,3.5134146213531494,2.9670870304107666,3.505979061126709,3.049607753753662,3.2944791316986084,3.0246949195861816,3.377682685852051,3.5157060623168945,3.5157060623168945,2.4367635250091553,2.364589214324951,2.2547760009765625,1.8818235397338867,3.235428810119629
2.2928991317749023,2.6383423805236816,2.6383423805236816,2.834895133972168,2.903299331665039,2.903299331665039,3.1503891944885254,3.358553171157837,3.4566476345062256,3.6530349254608154,3.740748167037964,3.740748167037964,3.5134146213531494,3.5134146213531494,2.815718650817871,3.4461092948913574,3.1988840103149414,2.5069313049316406,3.2074406147003174,3.2074406147003174,3.5157060623168945,3.5157060623168945,2.7362804412841797,3.002589225769043,1.6543238162994385,1.8772733211517334,3.6562583446502686
2.2928991317749023,2.6383423805236816,2.6383423805236816,2.834895133972168,2.903299331665039,2.939662218093872,2.9604990482330322,3.6730191707611084,4.169566631317139,4.169566631317139,3.7750165462493896,3.7750165462493896,3.75596022605896,3.404630661010742,3.404630661010742,3.232647180557251,3.1218507289886475,3.2430567741394043,3.2074406147003174,3.2074406147003174,2.9395594596862793,3.0853562355041504,3.0853562355041504,2.6139302253723145,2.6139302253723145,2.2216336727142334,3.272594690322876
2.1393930912017822,2.400693655014038,2.976135492324829,2.9778685569763184,3.1000380516052246,2.8674378395080566,3.325669288635254,3.9629151821136475,4.169566631317139,4.190249443054199,4.317678928375244,4.317678928375244,3.75596022605896,3.4307756423950195,3.4992799758911133,3.232647180557251,2.8907885551452637,2.934304714202881,2.5278055667877197,2.9395594596862793,3.0139224529266357,3.0853562355041504,3.0853562355041504,2.853985548019409,2.853985548019409,2.2216336727142334,3.147731304168701
2.489328622817993,2.432093858718872,2.976135492324829,3.0659759044647217,3.2979910373687744,3.7006847858428955,3.629241704940796,3.9629151821136475,4.340357780456543,4.6467766761779785,4.468235969543457,4.468235969543457,3.917729139328003,3.4307756423950195,3.4992799758911133,3.241966962814331,3.0920069217681885,2.546755075454712,1.9734601974487305,2.159294605255127,2.8758230209350586,3.5512802600860596,3.2820661067962646,3.438720464706421,3.438720464706421,1.8097202777862549,3.3532159328460693
2.489328622817993,2.829714298248291,2.7090580463409424,3.1997852325439453,3.2979910373687744,3.629241704940796,3.822770833969116,4.161653995513916,4.679317951202393,5.200179100036621,4.468235969543457,5.03592586517334,4.614362716674805,3.4591310024261475,3.6814801692962646,3.6008126735687256,3.196058750152588,2.831195831298828,2.677058696746826,2.9229729175567627,3.4382994174957275,3.5512802600860596,3.2820661067962646,2.667558193206787,2.3741300106048584,1.8042411804199219,3.3532159328460693
2.34533953666687,2.829714298248291,2.6897435188293457,3.1997852325439453,3.4305596351623535,3.3521862030029297,3.626322031021118,4.161653995513916,5.149885654449463,5.296863555908203,4.469358921051025,5.110377788543701,5.110377788543701,4.788631916046143,4.802844524383545,3.8266890048980713,3.4838802814483643,2.831195831298828,2.677058696746826,2.9229729175567627,3.4382994174957275,3.4573802947998047,2.9372127056121826,2.9068403244018555,2.9068403244018555,2.4953389167785645,3.631089448928833
2.4011669158935547,3.0554001331329346,2.0581347942352295,3.121433734893799,3.4112343788146973,3.5204691886901855,3.8687593936920166,3.8687593936920166,4.96779203414917,5.38931941986084,5.575078010559082,5.575078010559082,5.485467910766602,5.587617874145508,5.1170973777771,4.8944244384765625,4.8944244384765625,3.7473881244659424,3.2457141876220703,2.8664357662200928,3.3841986656188965,3.440972089767456,2.9372127056121826,3.0272905826568604,3.0272905826568604,2.4953389167785645,3.3674509525299072
2.4628794193267822,3.160353183746338,3.160353183746338,3.1816811561584473,3.121433734893799,3.5599629878997803,3.8687593936920166,4.311595439910889,5.314087390899658,5.38931941986084,5.575078010559082,6.072432518005371,5.767820358276367,5.976546764373779,5.976546764373779,5.994997024536133,5.693780422210693,4.154646396636963,3.8426434993743896,3.238044261932373,4.259444236755371,3.440972089767456,2.4663968086242676,2.263530731201172,2.5912551879882812,1.5120726823806763,3.296107530593872
2.4628794193267822,3.160353183746338,3.2030513286590576,3.076190948486328,3.227825164794922,3.7201545238494873,3.7201545238494873,4.311595439910889,5.022031307220459,5.826064109802246,5.826064109802246,6.072432518005371,5.767820358276367,5.441588878631592,5.343225955963135,5.994997024536133,5.693780422210693,3.918604612350464,3.6645681858062744,3.868159532546997,4.259444236755371,3.5416500568389893,2.6039745807647705,2.6039745807647705,2.263530731201172,2.216606616973877,3.077564239501953
1.791954517364502,1.9321515560150146,2.5362863540649414,2.941226005554199,3.2822515964508057,3.7201545238494873,4.461467742919922,4.461467742919922,3.7650511264801025,5.505941390991211,5.58159065246582,5.58159065246582,4.203841209411621,5.159754276275635,5.159754276275635,5.252511978149414,5.218161582946777,4.348711013793945,4.474522590637207,4.474522590637207,3.5416500568389893,3.5416500568389893,2.327395439147949,2.327395439147949,1.876546859741211,1.9007487297058105,3.1906368732452393
3.405287981033325,3.405287981033325,2.6969802379608154,3.7276008129119873,3.7276008129119873,2.9235806465148926,3.835528612136841,3.835528612136841,3.318786859512329,4.104072570800781,4.9453043937683105,5.222962856292725,5.222962856292725,5.159754276275635,5.159754276275635,5.252511978149414,4.7355451583862305,3.544796943664551,4.474522590637207,4.474522590637207,3.1493911743164062,2.602756977081299,1.9508042335510254,1.871687650680542,1.871687650680542,1.1955279111862183,3.1906368732452393
2.0988430976867676,2.3819963932037354,2.103055238723755,3.7276008129119873,3.7276008129119873,3.6021528244018555,3.405580520629883,3.38041353225708,3.318786859512329,3.7958781719207764,4.9453043937683105,5.222962856292725,5.222962856292725,4.6620965003967285,3.825307607650757,3.68086314201355,3.737757444381714,3.1884500980377197,3.0292670726776123,2.3697471618652344,3.2332139015197754,3.2332139015197754,1.929413080215454,2.4861395359039307,1.871687650680542,1.5025415420532227,3.9005777835845947
2.246518850326538,2.6068437099456787,2.6068437099456787,1.9424502849578857,2.6363399028778076,3.0814173221588135,3.0814173221588135,4.1771135330200195,2.9073710441589355,3.7725727558135986,3.477579355239868,3.477579355239868,3.0777502059936523,3.600083827972412,3.68086314201355,3.832038640975952,3.737757444381714,3.0912842750549316,3.0912842750549316,2.527932643890381,3.2332139015197754,3.2332139015197754,1.912200689315796,2.4861395359039307,1.846078872680664,1.5025415420532227,3.2542402744293213
2.796771764755249,2.2326345443725586,2.2670085430145264,2.1075439453125,2.9567298889160156,2.4485673904418945,2.4603893756866455,2.8146228790283203,2.9073710441589355,3.094029664993286,3.094029664993286,2.9383621215820312,3.3729519844055176,2.8901312351226807,2.8901312351226807,3.832038640975952,3.4021878242492676,2.841305732727051,2.9600324630737305,2.390496253967285,2.2899038791656494,2.2899038791656494,2.0603346824645996,1.2973883152008057,1.5696603059768677,1.5696603059768677,3.569037437438965
3.2208774089813232,2.6329739093780518,2.470285654067993,1.9523942470550537,3.4869282245635986,3.4869282245635986,3.3833885192871094,2.4755682945251465,2.626474142074585,1.7750184535980225,2.129126787185669,2.218404531478882,2.218404531478882,2.210850954055786,2.593655824661255,2.593655824661255,2.8640549182891846,3.3461568355560303,2.610661029815674,2.3319694995880127,1.9300923347473145,1.3830978870391846,1.747849702835083,1.8148274421691895,1.7898459434509277,1.5696603059768677,3.569037437438965
3.2208774089813232,2.6329739093780518,2.510770082473755,2.510770082473755,3.4869282245635986,3.4869282245635986,3.3833885192871094,2.379530668258667,3.6084020137786865,1.6612684726715088,2.044315814971924,1.947662353515625,1.6363542079925537,1.109714388847351,1.109714388847351,2.303389072418213,2.8640549182891846,3.3461568355560303,2.610661029815674,1.2145724296569824,1.9099681377410889,2.3787753582000732,2.3787753582000732,2.5578908920288086,1.7898459434509277,1.322534203529358,2.204115629196167
2.104595422744751,1.7242271900177002,2.510770082473755,2.510770082473755,1.5488580465316772,2.025839328765869,2.5338540077209473,2.5370404720306396,2.5370404720306396,1.9649755954742432,1.9236805438995361,1.2786235809326172,1.970611810684204,1.970611810684204,1.7611768245697021,2.303389072418213,2.0852530002593994,1.7943801879882812,0.9543683528900146,1.2377537488937378,1.7224547863006592,2.0137012004852295,2.01318097114563,2.5578908920288086,2.5891592502593994,2.5891592502593994,2.4111499786376953
1.7777042388916016,1.9664313793182373,1.9664313793182373,2.095724582672119,2.1614954471588135,2.0839931964874268,2.0839931964874268,2.5370404720306396,2.5370404720306396,2.3774120807647705,2.3774120807647705,2.1558895111083984,2.1558895111083984,1.970611810684204,1.322471261024475,1.539075493812561,1.7072713375091553,1.7072713375091553,1.1313319206237793,1.1731030941009521,1.7224547863006592,1.7228717803955078,2.371246814727783,2.371246814727783,2.1324074268341064,2.182783842086792,3.6050496101379395
2.909508466720581,2.3199939727783203,1.9664313793182373,1.8426473140716553,1.9859263896942139,2.0839931964874268,2.0839931964874268,2.0725207328796387,2.2772297859191895,2.3774120807647705,2.3774120807647705,1.188437819480896,1.05951988697052,1.05951988697052,1.0311822891235352,1.2360930442810059,1.6243155002593994,1.4089961051940918,2.3966281414031982,2.3966281414031982,1.2986350059509277,1.6257762908935547,2.371246814727783,2.371246814727783,1.5943714380264282,2.2378435134887695,3.6050496101379395
2.909508466720581,2.1075711250305176,2.0036497116088867,2.1716511249542236,2.07535982131958,2.5441315174102783,2.6460037231445312,2.6460037231445312,2.621783971786499,2.621783971786499,2.493990182876587,1.870373249053955,0.6515004634857178,0.7298339605331421,0.7298339605331421,2.2052838802337646,2.2052838802337646,1.405684232711792,2.7740516662597656,2.1159157752990723,1.2986350059509277,1.0201157331466675,1.3377327919006348,1.4460978507995605,1.3818970918655396,1.220147967338562,3.433361291885376
2.99558424949646,2.8792808055877686,1.8819963932037354,2.215832233428955,2.8531112670898438,2.8531112670898438,2.872682809829712,2.872682809829712,2.40964937210083,3.450136423110962,2.3317339420318604,2.3317339420318604,0.37355247139930725,0.6726541519165039,0.622160792350769,2.9902164936065674,2.9902164936065674,2.391770601272583,2.7740516662597656,1.798741340637207,1.0672717094421387,1.2823011875152588,1.402523159980774,1.402523159980774,1.3371946811676025,2.3502042293548584,2.3853039741516113
3.0360655784606934,2.7823925018310547,2.475881338119507,2.5482382774353027,2.8531112670898438,2.8531112670898438,2.9056289196014404,2.938683032989502,3.0425479412078857,2.5066821575164795,2.928251028060913,3.4052882194519043,3.626997232437134,2.8268580436706543,2.8655669689178467,2.9902164936065674,3.374605417251587,2.451451539993286,2.662790060043335,1.6967971324920654,1.618166208267212,1.060705304145813,1.402523159980774,1.402523159980774,1.6563212871551514,2.3502042293548584,2.3853039741516113

Channel 36
4.9969482421875,3.0887866020202637,3.0887866020202637,2.760763645172119,3.0722851753234863,3.851658821105957,2.831380844116211,1.775979995727539,2.333498001098633,2.333498001098633,0.7613229751586914,0.9247746467590332,0.8814542293548584,0.0,0.926095724105835,0.21833157539367676,0.0,1.5441217422485352,1.5441217422485352,0.6550934314727783,1.9476957321166992,1.9476957321166992,2.6092705726623535,2.6092705726623535,3.0579686164855957,3.3090968132019043,3.3090968132019043
4.219873905181885,2.978239059448242,2.7427597045898438,2.5739731788635254,2.425473213195801,2.425473213195801,1.6249809265136719,1.6249809265136719,0.0,0.0,0.0,0.0,0.0,0.0,0.0,0.0,0.0,0.0,0.0,0.0,0.6745946407318115,1.5659871101379395,1.5659871101379395,1.6633520126342773,3.0579686164855957,3.0579686164855957,2.0465526580810547
3.6399807929992676,2.0095934867858887,2.486992359161377,2.4184060096740723,2.425473213195801,2.425473213195801,0.149613618850708,0.0,0.0,0.0,0.0,0.0,0.0,0.0,0.0,0.0,0.0,0.0,0.0,0.0,0.0,1.3248448371887207,1.396162509918213,2.6949844360351562,2.6949844360351562,2.608016014099121,1.9099464416503906
3.6399807929992676,2.059969425201416,1.9402775764465332,1.7152514457702637,1.005147933959961,0.149613618850708,0.149613618850708,0.0,0.0,0.0,0.0,0.0,0.0,0.0,0.0,0.0,0.0,0.0,0.0,0.0,0.0,0.0,1.396162509918213,2.5334458351135254,2.740267276763916,1.720489501953125,1.720489501953125
4.403487205505371,2.845608711242676,1.8763189315795898,1.4566407203674316,0.0,0.0,0.0,0.0,0.0,0.0,0.0,0.0,0.0,0.0,0.0,0.0,0.0,0.0,0.0,0.0,0.0,0.0,0.0,1.0203697681427002,2.1237330436706543,2.1751952171325684,2.073455333709717
3.3492064476013184,1.7828068733215332,1.7828068733215332,0.1948075294494629,0.0,0.0,0.0,0.0,0.0,0.0,0.0,0.0,0.0,0.0,0.0,0.0,0.0,0.0,0.0,0.0,0.0,0.0,0.0,0.0,0.0066890716552734375,2.4986510276794434,3.639652729034424
4.475723743438721,2.726104259490967,1.7828068733215332,0.0,0.0,0.0,0.0,0.0,0.0,0.0,0.0,0.0,0.0,0.0,0.0,0.0,0.0,0.0,0.0,0.0,0.0,0.0,0.0,0.0,1.4810295104980469,3.3905091285705566,3.9804911613464355
4.475723743438721,1.9489541053771973,0.47463250160217285,0.0,0.0,0.0,0.0,0.0,0.0,0.0,0.0,0.0,0.0,0.0,0.0,0.0,0.0,0.0,0.0,0.0,0.0,0.0,0.0,0.0,1.0286061763763428,3.3905091285705566,3.9804911613464355
3.321380615234375,0.7470085620880127,0.10454154014587402,0.0,0.0,0.0,0.0,0.0,0.0,0.0,0.0,0.0,0.0,0.0,0.0,0.0,0.0,0.0,0.0,0.0,0.0,0.0,0.0,0.0,0.0,0.0,3.611703872680664
3.227376937866211,0.24491405487060547,0.0,0.0,0.0,0.0,0.0,0.0,0.0,0.0,0.0,0.0,0.0,0.0,0.0,0.0,0.0,0.0,0.0,0.0,0.0,0.0,0.0,0.0,0.0,1.1948144435882568,4.5875654220581055
3.227376937866211,0.0,0.0,0.0,0.0,0.0,0.0,0.0,0.0,0.0,0.0,0.0,0.0,0.0,0.0,0.0,0.0,0.0,0.0,0.0,0.0,0.0,0.0,0.0,0.13178420066833496,1.1948144435882568,4.900370121002197
2.2231698036193848,0.0,0.0,0.0,0.0,0.0,0.0,0.0,0.0,0.0,0.0,0.0,0.0,0.0,0.0,0.0,0.0,0.0,0.0,0.0,0.0,0.0,0.0,0.0,0.0,0.0,4.900370121002197
1.545525074005127,0.0,0.0,0.0,0.0,0.0,0.0,0.0,0.0,0.0,0.0,0.0,0.0,0.0,0.0,0.0,0.0,0.0,0.0,0.0,0.0,0.0,0.0,0.0,0.0,0.1964106559753418,3.7499313354492188
1.451230525970459,0.0,0.0,0.0,0.0,0.0,0.0,0.0,0.0,0.0,0.0,0.0,0.0,0.0,0.0,0.0,0.0,0.0,0.0,0.0,0.0,0.0,0.0,0.0,0.0,3.816175937652588,4.621939659118652
1.4673824310302734,1.4673824310302734,0.0,0.0,0.0,0.0,0.0,0.0,0.0,0.0,0.0,0.0,0.0,0.0,0.0,0.0,0.0,0.0,0.0,0.0,0.0,0.0,0.0,0.0,0.806330680847168,3.880603790283203,4.809163570404053
3.590862274169922,2.388270854949951,0.9571316242218018,0.0,0.0,0.0,0.0,0.0,0.0,0.0,0.0,0.0,0.0,0.0,0.0,0.0,0.0,0.0,0.0,0.0,0.0,0.0,0.0,0.0,3.611405372619629,3.611405372619629,4.193161964416504
4.081582546234131,3.088719367980957,3.088719367980957,0.0,0.0,0.0,0.0,0.0,0.0,0.0,0.0,0.0,0.0,0.0,0.0,0.0,0.0,0.0,0.0,0.0,0.0,0.0,0.9381906986236572,4.094549655914307,4.211985111236572,3.9314465522766113,2.7954154014587402
1.4906997680664062,1.336355209350586,1.6331615447998047,0.3400752544403076,0.0,0.0,0.0,0.0,0.0,0.0,0.0,0.0,0.0,0.0,0.0,0.0,0.0,0.0,0.0,0.0,1.7489256858825684,2.7498273849487305,1.072871446609497,4.094549655914307,4.22940731048584,3.9314465522766113,4.029260158538818
4.001065731048584,0.44695281982421875,1.9312024116516113,1.9762206077575684,2.442500114440918,0.7668313980102539,0.0,0.0,0.0,0.0,0.0,0.0,0.0,0.0,0.0,0.0,0.0,0.0,2.475485324859619,3.8294496536254883,4.149717330932617,4.149717330932617,2.00081729888916,1.0485246181488037,3.3030247688293457,3.836165428161621,4.029260158538818
2.79339599609375,2.79339599609375,1.221095085144043,1.9762206077575684,2.180964946746826,2.7078065872192383,3.0846829414367676,3.0846829414367676,1.6561222076416016,1.6561222076416016,0.0,0.0,0.0,0.0,0.0,0.0,0.0,3.3539981842041016,3.6139144897460938,4.101980209350586,4.15372896194458,4.149717330932617,1.3389582633972168,1.1258857250213623,1.3394455909729004,2.3972249031066895,3.3398633003234863
2.8316850662231445,3.300468921661377,2.6590094566345215,1.4413700103759766,1.4903359413146973,2.7078065872192383,3.7211594581604004,3.7211594581604004,3.33713960647583,1.6561222076416016,0.0,0.0,0.0,0.0,0.0,0.0,0.0,3.3539981842041016,3.6139144897460938,4.101980209350586,4.017736911773682,2.4637575149536133,2.673617362976074,3.6294565200805664,2.6108875274658203,2.8502798080444336,4.505570411682129
3.645205497741699,3.55324649810791,2.521045684814453,1.5847382545471191,0.1290292739868164,2.0383687019348145,3.7211594581604004,3.7211594581604004,2.7015275955200195,0.0,0.0,0.0,0.0,0.0,0.0,0.0,0.0,1.3723421096801758,2.998406410217285,2.998406410217285,3.2297472953796387,3.2297472953796387,2.673617362976074,3.2986769676208496,3.2986769676208496,2.9233832359313965,2.994050979614258
3.645205497741699,3.55324649810791,2.521045684814453,0.0,0.0,0.0,1.17433762550354,2.112133026123047,1.1391613483428955,0.0,0.0,0.0,0.0,0.0,0.0,0.0,0.0,0.0,1.5119280815124512,2.723205089569092,3.311624526977539,3.3604421615600586,3.0714526176452637,1.6360726356506348,3.495039463043213,3.495039463043213,2.734927177429199
1.7143640518188477,0.0,0.0,0.0,0.0,0.0,0.21728157997131348,1.1391613483428955,1.1391613483428955,0.0,0.0,0.0,0.0,0.0,0.0,0.0,0.0,0.0,0.7179241180419922,3.0269322395324707,3.3505187034606934,3.4636316299438477,3.4850540161132812,3.240748405456543,3.100376605987549,2.985551357269287,3.7916369438171387
1.7143640518188477,0.0,0.0,0.0,0.0,0.0,0.0,0.0,0.0,0.6008753776550293,0.0,0.0,0.0,0.0,0.0,0.0,0.0,0.0,2.576949119567871,3.474560260772705,3.7660346031188965,3.0960092544555664,3.5863680839538574,3.5863680839538574,3.370584487915039,3.034550666809082,3.7916369438171387
0.7085921764373779,0.29929637908935547,0.0,0.0,0.0,0.0,0.0,0.0,2.284400463104248,2.284400463104248,0.0,0.0,0.0,0.0,0.0,0.0,0.0,2.6506643295288086,2.6506643295288086,3.474560260772705,3.7660346031188965,3.708604335784912,3.5863680839538574,3.707883358001709,3.370584487915039,3.034550666809082,2.9536943435668945
0.15283608436584473,1.0786325931549072,1.0786325931549072,0.0,0.0,0.0,0.8970472812652588,1.1493768692016602,0.9961750507354736,2.8781542778015137,4.168250560760498,4.149381160736084,3.19773530960083,2.656475067138672,2.656475067138672,1.2107889652252197,2.5605359077453613,2.6506643295288086,4.080634117126465,4.590374946594238,4.590374946594238,3.708604335784912,3.3631668090820312,3.575468063354492,0.3525269031524658,1.8197059631347656,2.9536943435668945

Channel 37
1.350043535232544,1.1688504219055176,0.9635969400405884,1.974172830581665,1.974172830581665,1.0584557056427002,0.538813591003418,0.0,0.0,0.0,0.0,0.0,0.0,0.0,0.2953612208366394,0.2953612208366394,0.0,0.0,0.4053056836128235,0.4053056836128235,0.2796701490879059,0.3789536654949188,0.7892219424247742,0.0,1.682765245437622,1.682765245437622,1.1423391103744507
1.1851441860198975,1.1688504219055176,1.1556544303894043,1.974172830581665,1.974172830581665,1.0584557056427002,0.0,0.0,0.0,0.0,0.0,0.0,0.0,1.206662893295288,1.206662893295288,0.2953612208366394,0.0,0.0,0.0,0.05017942190170288,0.05017942190170288,0.6334134936332703,1.2603880167007446,1.068002700805664,1.620835542678833,1.620835542678833,0.0
1.0511195659637451,1.005000352859497,1.1460293531417847,0.5747280120849609,0.5747280120849609,0.0,0.0,0.0,0.0,0.0,0.0,0.20032280683517456,0.0,1.206662893295288,1.206662893295288,0.0,0.0,0.0,0.0,0.0,0.0,0.19625061750411987,1.068002700805664,1.369283676147461,1.369283676147461,0.887182891368866,0.0
1.0445926189422607,1.2546818256378174,0.8728888034820557,0.13636404275894165,0.0,0.0,0.0,0.0,0.0,0.75192791223526,0.75192791223526,0.0,0.0,0.0,0.0,0.0,0.0,0.0,0.536836564540863,0.8407389521598816,0.8407389521598816,0.0,0.09933674335479736,1.369283676147461,1.369283676147461,2.152487277984619,2.152487277984619
1.1410467624664307,1.0336158275604248,0.8728888034820557,0.0,0.0,0.0,0.0,0.0,0.0,0.75192791223526,0.75192791223526,0.0,0.0,0.19815194606781006,0.0,0.0,0.6994748115539551,0.0,0.536836564540863,0.0,0.0,0.0,0.0,0.19279977679252625,2.2861270904541016,2.2861270904541016,2.152487277984619
2.182553291320801,1.1318678855895996,0.0,0.0,0.0,0.0,0.0,0.0,0.0,0.0,0.0,0.9646754264831543,0.9646754264831543,0.0,1.6130361557006836,0.0,0.0,0.0,0.0,2.4229798316955566,2.4229798316955566,0.0,0.0,0.0,2.2861270904541016,2.2861270904541016,0.8706746697425842
2.050405979156494,1.1318678855895996,0.0,0.0,0.0,0.0,0.0,0.0,0.0,0.0,0.0,0.0,0.0,0.0,1.6130361557006836,0.0,0.0,0.0,0.0,2.4229798316955566,2.4229798316955566,0.0,1.965133786201477,1.965133786201477,0.5674245953559875,0.9023650288581848,0.8706746697425842
1.1209039688110352,0.0,0.0,0.0,0.0,0.0,0.0,0.0,1.7071452140808105,1.7071452140808105,0.0,0.0,0.0,0.0,0.0,0.0,0.0,0.0,2.7456986904144287,0.0,0.0,0.0,0.0,0.0,0.0,1.3192663192749023,1.3192663192749023
0.40622174739837646,0.0,0.0,0.0,0.0,0.0,0.0,0.0,1.7071452140808105,1.7071452140808105,0.0,0.0,0.0,2.0809788703918457,2.0809788703918457,0.0,2.4767332077026367,2.4767332077026367,2.7456986904144287,0.0,0.0,0.0,0.0,0.0,1.9245938062667847,1.9245938062667847,1.1070666313171387
0.6633882522583008,0.0,0.0,0.0,0.0,0.0,0.0,0.0,0.0,0.0,4.748388290405273,0.0,0.0,2.0809788703918457,2.0809788703918457,0.0,2.4767332077026367,2.4767332077026367,0.18327650427818298,0.0,0.0,0.0,2.546830177307129,0.4935039281845093,1.9245938062667847,1.9245938062667847,1.1070666313171387
0.6633882522583008,0.0,0.0,0.0,0.0,0.0,0.0,1.3773150444030762,0.0,0.0,4.748388290405273,0.0,0.0,0.0,0.0,0.0,0.0,0.0,0.0,0.0,0.0,0.0,2.546830177307129,0.4935039281845093,0.4935039281845093,0.10910570621490479,1.2908434867858887
0.0,0.0,0.0,0.0,0.0,0.0,0.0,1.3773150444030762,0.0,0.0,0.0,0.0,0.0,0.0,0.0,0.5907089114189148,0.0,0.0,0.0,0.0,0.0,0.0,0.0,0.0,2.4568686485290527,2.4568686485290527,1.1357395648956299
0.0,0.0,0.0,0.0,0.0,0.0,0.0,0.0,0.0,0.0,0.0,0.0,0.0,0.0,0.0,0.0,0.0,0.0,0.0,0.5398901700973511,0.0,0.6460280418395996,0.6414870023727417,0.6414870023727417,2.0722203254699707,2.0722203254699707,1.2406526803970337
0.0,0.0,0.0,0.0,1.3703120946884155,1.3703120946884155,0.0,0.0,0.0,0.0,0.0,0.0,0.0,0.0,1.0046203136444092,0.0,3.30469012260437,3.30469012260437,0.0,0.0,0.0,0.6460280418395996,0.6414870023727417,1.3460657596588135,2.0722203254699707,2.0722203254699707,1.1134724617004395
0.4038175046443939,0.6974866390228271,0.0,1.25421142578125,0.0,0.0,0.0,1.7693661451339722,2.541613817214966,0.0,0.0,2.408053398132324,2.408053398132324,0.0,0.6497081518173218,0.0,0.0,0.0,0.0,1.0468237400054932,1.0468237400054932,0.0,0.9888633489608765,1.3460657596588135,2.446962833404541,2.349745273590088,0.7521883845329285
1.3358182907104492,1.062034249305725,0.7790793180465698,1.25421142578125,0.0,0.0,0.0,1.7693661451339722,2.541613817214966,0.0,0.0,0.0,0.9054228663444519,0.0,0.0,0.0,0.0,0.0,0.0,1.0468237400054932,1.0468237400054932,0.045093536376953125,0.9888633489608765,1.9733649492263794,2.446962833404541,2.349745273590088,0.6108298897743225
1.3358182907104492,1.002727746963501,1.4797139167785645,1.4797139167785645,0.0,0.0,0.0,0.0,0.0,0.0,2.3553242683410645,0.0,0.0,0.0,0.0,1.463195562362671,0.0,0.07177811861038208,0.0,0.4768517017364502,0.4768517017364502,1.4330129623413086,2.319828748703003,2.319828748703003,1.9733649492263794,3.5075933933258057,3.5075933933258057
0.21700093150138855,0.4758792519569397,1.9805638790130615,1.9805638790130615,0.0,0.0,0.0,0.0,0.10053849220275879,0.0,2.3553242683410645,0.4844262897968292,0.4844262897968292,0.0,0.0,0.0,0.0,0.07177811861038208,0.0,0.3390878736972809,1.2502546310424805,2.1441240310668945,1.8808082342147827,1.1049683094024658,0.8500752449035645,4.082043170928955,4.082043170928955
1.0938470363616943,0.571628212928772,1.0612668991088867,1.084132194519043,1.6591719388961792,2.732470989227295,2.011615753173828,0.0,0.21117335557937622,0.21117335557937622,0.0,0.4844262897968292,0.4844262897968292,0.0,0.0,0.0,0.059902846813201904,2.8556907176971436,2.8556907176971436,1.9668127298355103,2.0413618087768555,2.1441240310668945,0.39813512563705444,0.39813512563705444,1.2573847770690918,3.8378398418426514,4.766701698303223
1.7649848461151123,1.771714210510254,1.0538334846496582,1.0538334846496582,1.6591719388961792,2.732470989227295,2.011615753173828,1.9115005731582642,1.9115005731582642,2.0460543632507324,1.2326161861419678,1.5575141906738281,1.386509895324707,2.5667290687561035,2.2937700748443604,1.7514913082122803,1.7514913082122803,2.8556907176971436,2.8556907176971436,1.9668127298355103,1.5280131101608276,1.7214983701705933,1.9847773313522339,1.9847773313522339,0.8262823820114136,0.8262823820114136,4.633739471435547
1.7649848461151123,1.771714210510254,1.2581043243408203,1.0538334846496582,0.8182240724563599,0.6057822108268738,1.0087392330169678,1.9115005731582642,1.9115005731582642,2.0460543632507324,1.2326161861419678,1.5575141906738281,1.3566608428955078,2.5667290687561035,2.2937700748443604,1.721551775932312,0.9723098278045654,1.2072412967681885,1.408977746963501,1.408977746963501,0.5704988241195679,0.5502490997314453,1.9847773313522339,1.9847773313522339,2.7930476665496826,3.176184892654419,3.114633560180664
1.2299277782440186,1.4603564739227295,1.6151752471923828,0.9265077114105225,1.859849214553833,1.859849214553833,1.297229290008545,1.297229290008545,0.6837416291236877,0.6837416291236877,1.3219468593597412,1.3482130765914917,1.329247236251831,1.304153323173523,0.1902054250240326,0.0,0.006235301494598389,1.2072412967681885,1.4177684783935547,1.4177684783935547,1.0667552947998047,1.0667552947998047,1.1797795295715332,1.4147087335586548,1.4147087335586548,1.0141228437423706,1.0275640487670898
1.2299277782440186,1.4603564739227295,1.5128087997436523,0.0,0.0,0.21129748225212097,1.297229290008545,1.297229290008545,2.262399673461914,2.262399673461914,1.3219468593597412,0.7496293783187866,0.28067120909690857,0.28174275159835815,0.37402263283729553,0.37402263283729553,0.19794496893882751,1.0667827129364014,1.2310216426849365,1.2310216426849365,1.206204891204834,1.1355960369110107,0.9535094499588013,1.4147087335586548,1.4147087335586548,1.0141228437423706,1.1536433696746826
0.0,0.0,0.0,0.0,0.0,0.0,0.0,0.6078008413314819,2.262399673461914,2.262399673461914,0.6001564264297485,0.3861568868160248,0.3577224910259247,0.4235984683036804,0.39405277371406555,0.39405277371406555,0.7286252379417419,1.4235256910324097,1.7413743734359741,1.7413743734359741,1.1015000343322754,1.177212119102478,1.1857726573944092,1.2103568315505981,1.2103568315505981,0.9186146259307861,1.09519624710083
0.0,0.0,0.0,0.0,0.0,0.0,0.0,0.0,0.5403292179107666,1.6284540891647339,1.6284540891647339,0.3067614436149597,0.34884965419769287,0.4235984683036804,0.5777536630630493,0.686654806137085,2.033655881881714,2.033655881881714,1.7413743734359741,1.7413743734359741,1.328635811805725,0.8846232295036316,1.1857726573944092,1.1857726573944092,1.1498453617095947,2.5079195499420166,2.5079195499420166
0.5180422067642212,0.5180422067642212,0.0,0.0,0.0,0.0,0.0,0.0,0.8528978824615479,1.6284540891647339,1.6284540891647339,1.2294559478759766,1.3470611572265625,1.0392454862594604,1.9939311742782593,1.9939311742782593,1.5446736812591553,1.1786731481552124,1.0259366035461426,1.1319818496704102,1.0369749069213867,1.0561193227767944,1.0574766397476196,1.1498453617095947,1.1498453617095947,1.558042287826538,1.558042287826538
0.5180422067642212,0.5180422067642212,0.0,0.0,0.0,0.0,0.0,0.0,0.8528978824615479,1.7567518949508667,1.1983917951583862,0.9794816970825195,1.3470611572265625,0.9895774722099304,0.9743359088897705,0.7628458738327026,0.8249354958534241,1.7816745042800903,1.7816745042800903,1.2775599956512451,1.0090324878692627,0.9525765180587769,0.9525765180587769,0.9063318967819214,0.6210665106773376,1.558042287826538,1.558042287826538

Channel 38
2.121694803237915,2.121694803237915,0.9341486692428589,0.9341486692428589,4.4748430252075195,0.5629540681838989,6.719649314880371,6.719649314880371,6.419347763061523,4.2206130027771,6.192494869232178,6.192494869232178,4.507781505584717,7.820140361785889,6.846921443939209,3.6321260929107666,7.3704915046691895,7.3704915046691895,3.3566179275512695,2.650177001953125,2.1013495922088623,2.1013495922088623,1.6970467567443848,1.2097012996673584,2.671786069869995,2.671786069869995,0.39915943145751953
2.121694803237915,2.121694803237915,0.6321763396263123,1.117706298828125,5.4993438720703125,6.224664688110352,6.719649314880371,6.719649314880371,7.373514652252197,4.0977067947387695,6.192494869232178,6.192494869232178,6.225985050201416,6.225985050201416,8.175536155700684,8.175536155700684,6.242775917053223,6.861554145812988,6.861554145812988,2.4974558353424072,7.142398834228516,2.8721108436584473,1.5092294216156006,1.2097012996673584,2.2385566234588623,1.037610411643982,0.5006705522537231
1.6295430660247803,1.6295430660247803,0.12288691103458405,4.4905853271484375,7.099328994750977,6.915791988372803,5.510471343994141,2.748257875442505,7.373514652252197,5.107226371765137,5.107226371765137,10.425638198852539,8.795190811157227,2.0929651260375977,8.175536155700684,8.175536155700684,7.040419101715088,7.189050197601318,7.189050197601318,1.904750943183899,4.412017345428467,1.5092294216156006,3.198772668838501,1.389563798904419,1.3654532432556152,0.5438089370727539,0.5006705522537231
1.7309068441390991,1.7309068441390991,7.722255706787109,7.722255706787109,7.099328994750977,4.607641696929932,7.082094669342041,7.082094669342041,7.023799896240234,3.397252321243286,6.3049726486206055,10.425638198852539,7.9005231857299805,0.0,8.267279624938965,8.267279624938965,7.040419101715088,7.189050197601318,7.189050197601318,6.061033725738525,4.019304275512695,6.476537227630615,6.476537227630615,1.389563798904419,1.294764518737793,0.9406089782714844,0.9406089782714844
1.8066357374191284,1.6583516597747803,8.870018005371094,8.302924156188965,6.116312503814697,2.7239620685577393,7.082094669342041,7.082094669342041,6.794086456298828,5.393762588500977,10.353782653808594,7.651549339294434,7.9005231857299805,8.070086479187012,10.244428634643555,2.1129212379455566,8.579229354858398,8.579229354858398,9.035840034484863,8.189770698547363,4.701018810272217,4.701018810272217,2.492176055908203,3.3224103450775146,2.0177524089813232,2.509672164916992,1.70978844165802
3.062757730484009,6.9637675285339355,8.870018005371094,5.0312299728393555,4.069828510284424,12.144964218139648,12.144964218139648,2.778702735900879,6.794086456298828,3.5359504222869873,4.323620319366455,4.323620319366455,11.171198844909668,8.070086479187012,10.069347381591797,10.069347381591797,8.053213119506836,12.685036659240723,12.685036659240723,0.6815429329872131,7.334024429321289,4.167102336883545,3.84552264213562,3.3224103450775146,2.251150131225586,2.509672164916992,1.70978844165802
4.704051494598389,6.9637675285339355,9.150943756103516,9.150943756103516,1.7579418420791626,12.144964218139648,12.144964218139648,1.1085290908813477,10.166631698608398,10.166631698608398,8.962418556213379,6.073998928070068,11.171198844909668,6.740879535675049,10.595178604125977,10.595178604125977,5.229238986968994,12.685036659240723,12.685036659240723,4.751942157745361,11.052533149719238,4.26591157913208,1.8918544054031372,8.118949890136719,2.679297924041748,2.679297924041748,1.213088035583496
2.579349994659424,7.5174174308776855,9.150943756103516,9.150943756103516,2.5675108432769775,5.596957683563232,0.44259971380233765,1.1085290908813477,5.259669780731201,4.5853753089904785,4.195483207702637,1.6293903589248657,7.99497127532959,4.154707908630371,7.546695709228516,7.546695709228516,1.3399583101272583,0.9628558158874512,4.268564224243164,5.60683536529541,4.122937202453613,4.785150527954102,4.785150527954102,8.118949890136719,2.1841025352478027,1.1869099140167236,0.8004627823829651
3.3080101013183594,7.5174174308776855,3.2493674755096436,8.523591995239258,3.2877371311187744,5.596957683563232,10.336170196533203,10.336170196533203,7.461080074310303,11.675942420959473,2.7270259857177734,8.899798393249512,8.899798393249512,3.505575180053711,8.098468780517578,7.546695709228516,0.92009437084198,0.0,14.8565092086792,14.8565092086792,2.649717330932617,10.63933277130127,6.625079154968262,0.6760703325271606,0.0,4.193592071533203,4.193592071533203
6.795914173126221,6.830262184143066,5.846139907836914,2.0373146533966064,9.679581642150879,6.870912075042725,10.336170196533203,10.336170196533203,5.715818881988525,5.715818881988525,6.2640910148620605,6.2640910148620605,1.5303808450698853,10.804512023925781,10.804512023925781,3.311711072921753,2.323343515396118,12.525323867797852,15.373991012573242,13.935054779052734,6.86746883392334,5.868120193481445,9.003623962402344,9.003623962402344,7.305355548858643,4.193592071533203,4.193592071533203
6.795914173126221,6.795914173126221,4.479826927185059,2.955608367919922,9.679581642150879,6.870912075042725,4.616140842437744,1.7290183305740356,4.3091139793396,1.8762017488479614,12.497648239135742,12.497648239135742,1.5303808450698853,3.2101900577545166,3.2101900577545166,1.361063003540039,2.323343515396118,12.525323867797852,12.525323867797852,0.7275741696357727,6.86746883392334,5.868120193481445,10.188763618469238,10.188763618469238,7.305355548858643,2.792607069015503,4.339070796966553
4.219326019287109,5.2464070320129395,0.5806134343147278,0.7427443265914917,2.2882444858551025,9.143872261047363,9.143872261047363,14.38475227355957,14.38475227355957,1.8762017488479614,4.088587284088135,3.249560594558716,3.249560594558716,0.49246662855148315,1.5019322633743286,5.069118499755859,5.069118499755859,0.0,0.0,0.0,0.7524105310440063,9.694341659545898,9.694341659545898,5.466252326965332,3.0103256702423096,3.0103256702423096,2.4916043281555176
4.582642078399658,5.2464070320129395,8.682707786560059,9.947565078735352,2.2882444858551025,7.204010009765625,3.1710288524627686,9.661545753479004,9.661545753479004,0.0,5.39970064163208,5.135326385498047,5.135326385498047,2.196972131729126,1.5019322633743286,4.683326721191406,3.152304172515869,1.7838233709335327,1.781995415687561,11.938109397888184,11.938109397888184,3.1537394523620605,3.1537394523620605,2.573657989501953,3.0103256702423096,4.797821521759033,4.797821521759033
3.7340335845947266,3.7340335845947266,8.682707786560059,9.947565078735352,2.794133186340332,13.167855262756348,7.8956193923950195,7.8956193923950195,0.0,1.7764463424682617,5.39970064163208,4.793131351470947,3.568314790725708,1.403782844543457,6.858814239501953,6.858814239501953,8.642991065979004,9.598919868469238,3.1755738258361816,11.938109397888184,11.938109397888184,6.722787857055664,4.058803558349609,4.058803558349609,1.7021965980529785,4.844431400299072,4.844431400299072
0.14987392723560333,2.548502206802368,2.548502206802368,5.554047107696533,5.554047107696533,13.167855262756348,7.8956193923950195,7.8956193923950195,10.03705883026123,10.03705883026123,4.793131351470947,4.793131351470947,7.648129940032959,7.648129940032959,6.877967834472656,6.877967834472656,8.642991065979004,9.598919868469238,8.16296672821045,8.16296672821045,13.469828605651855,6.834010124206543,6.47989559173584,2.6138246059417725,3.101154088973999,3.8686091899871826,2.3096346855163574
0.7003632187843323,1.9519389867782593,2.000917673110962,9.124115943908691,9.124115943908691,2.2401845455169678,5.373716354370117,3.4720256328582764,13.937175750732422,13.937175750732422,3.4860637187957764,2.075989007949829,7.648129940032959,7.648129940032959,5.222756862640381,5.222756862640381,3.70272159576416,7.02556037902832,4.981029033660889,5.440080642700195,13.469828605651855,6.834010124206543,1.9154702425003052,1.9154702425003052,6.638395309448242,3.9547903537750244,1.0878221988677979
0.7003632187843323,0.5948461890220642,2.9837069511413574,3.687673330307007,6.5031208992004395,7.943830490112305,7.943830490112305,3.4720256328582764,8.58823299407959,6.756015777587891,8.095571517944336,8.095571517944336,4.549595355987549,5.192413806915283,2.9542856216430664,9.033987998962402,9.033987998962402,6.369927406311035,4.247005939483643,4.247005939483643,3.670346975326538,0.3814759850502014,2.601408004760742,3.532433032989502,6.638395309448242,1.0425288677215576,1.0425288677215576
0.8506124019622803,3.8131940364837646,4.086689472198486,3.1504058837890625,2.4717698097229004,0.6876018643379211,3.1929423809051514,7.754396915435791,4.831556797027588,4.831556797027588,10.226147651672363,8.88670539855957,8.064591407775879,8.064591407775879,4.242534160614014,3.203036308288574,3.203036308288574,6.369927406311035,3.486894369125366,3.670346975326538,3.670346975326538,1.4190646409988403,2.601408004760742,3.0087473392486572,2.6914188861846924,1.0425288677215576,1.0425288677215576
0.969874382019043,3.8131940364837646,3.8131940364837646,3.65278697013855,0.32726210355758667,0.44854652881622314,3.1442129611968994,4.597965717315674,4.831556797027588,4.831556797027588,2.3124141693115234,6.903991222381592,6.903991222381592,0.0,4.242534160614014,1.4303467273712158,1.4303467273712158,0.0,4.1338982582092285,4.1338982582092285,4.156052589416504,2.0810484886169434,1.4190646409988403,0.07842311263084412,0.9582690000534058,0.028732702136039734,3.8667924404144287
2.1646571159362793,2.4690756797790527,2.0529892444610596,2.0529892444610596,2.4231514930725098,2.443286657333374,2.7116551399230957,2.168940305709839,1.154937744140625,1.8097988367080688,2.3124141693115234,0.0,0.0,2.7206456661224365,2.7206456661224365,0.0,2.0082831382751465,5.757598876953125,5.756263732910156,4.1338982582092285,3.1865527629852295,0.0,0.0,1.570125699043274,1.324449896812439,1.9186888933181763,3.8667924404144287
2.1646571159362793,2.4690756797790527,2.0146961212158203,1.986709475517273,2.4231514930725098,2.4231514930725098,2.7116551399230957,2.186311721801758,2.186311721801758,0.788535475730896,0.0,0.0,0.0,2.7206456661224365,2.7206456661224365,0.0,4.020524024963379,5.757598876953125,2.704901933670044,1.2437143325805664,0.4865962266921997,1.8467742204666138,3.670982599258423,3.670982599258423,1.324449896812439,1.324449896812439,1.0053716897964478
1.6961965560913086,0.9549435377120972,1.986709475517273,2.416308641433716,3.7649924755096436,3.7649924755096436,1.8491731882095337,0.6680573225021362,0.0,1.2607835531234741,1.3007102012634277,0.0,0.09633754193782806,0.0,0.0,0.0,4.020524024963379,4.020524024963379,1.8388296365737915,1.2437143325805664,0.0,1.8467742204666138,3.6572813987731934,3.6572813987731934,2.6081936359405518,2.6081936359405518,0.775837242603302
0.5569002628326416,1.151886224746704,1.151886224746704,2.416308641433716,2.416308641433716,1.1507933139801025,1.2427656650543213,1.1959229707717896,0.0493617057800293,1.2607835531234741,1.2607835531234741,0.0,0.09633754193782806,0.47243744134902954,0.47243744134902954,0.0,0.9903961420059204,3.318355083465576,4.315310955047607,4.315310955047607,1.176320195198059,0.437122642993927,0.928408145904541,1.5022464990615845,2.6081936359405518,2.6081936359405518,0.8293517231941223
0.8049511909484863,1.418809413909912,1.2435963153839111,0.0,0.0,0.3155497908592224,1.1959229707717896,1.1959229707717896,1.9229193925857544,1.9229193925857544,0.3069535493850708,0.04568849503993988,0.14952681958675385,0.229298397898674,0.229298397898674,0.6296464204788208,2.908174753189087,3.933823347091675,5.196683406829834,5.196683406829834,2.057542562484741,0.9789791107177734,0.762268602848053,1.5022464990615845,1.5022464990615845,1.1460272073745728,2.5307233333587646
1.6195176839828491,1.6195176839828491,1.2435963153839111,0.2940458655357361,0.38700228929519653,0.3155497908592224,0.1224689930677414,0.022438257932662964,1.9229193925857544,1.9229193925857544,1.8080041408538818,1.8080041408538818,0.28823983669281006,1.3559294939041138,1.7264735698699951,4.1549458503723145,4.5867180824279785,4.0354461669921875,6.964415073394775,4.096538066864014,2.057542562484741,0.6373634934425354,0.6373634934425354,0.5843098759651184,0.9207502603530884,0.9207502603530884,2.5307233333587646
3.097095489501953,3.097095489501953,0.04125146567821503,0.3606611490249634,0.13865332305431366,0.0,0.09774775803089142,0.7587298154830933,1.2693387269973755,0.819438636302948,3.027553081512451,3.027553081512451,2.920416831970215,2.7299745082855225,2.7299745082855225,4.1549458503723145,4.1549458503723145,5.527987480163574,6.964415073394775,4.096538066864014,0.39634352922439575,1.5571831464767456,1.5571831464767456,0.4938550591468811,1.1076648235321045,0.664634108543396,0.664634108543396
3.097095489501953,3.097095489501953,0.04125146567821503,0.09630097448825836,0.24200810492038727,0.18293587863445282,0.7477344870567322,0.6089854836463928,3.0996286869049072,3.0996286869049072,6.703298091888428,4.06953239440918,2.920416831970215,3.360463857650757,3.7069365978240967,4.265142440795898,3.6612212657928467,5.38994026184082,4.353127479553223,1.5706219673156738,0.6495972275733948,0.24633850157260895,0.27000105381011963,0.27000105381011963,1.1076648235321045,0.664634108543396,0.664634108543396

Channel 39
3.615349769592285,1.4798338413238525,0.0,0.960777759552002,2.933594226837158,2.933594226837158,1.6551907062530518,3.6020121574401855,4.0020341873168945,1.3289141654968262,3.514596462249756,3.738133430480957,3.738133430480957,2.9992027282714844,2.9992027282714844,3.6098241806030273,3.6098241806030273,3.600895404815674,5.32656192779541,5.32656192779541,3.052560806274414,0.8153009414672852,2.1106576919555664,2.1106576919555664,0.8367106914520264,4.067721366882324,6.283224582672119
0.0,0.0,1.199704647064209,1.199704647064209,0.0,0.6868410110473633,0.8062057495117188,3.6020121574401855,0.8261227607727051,0.8261227607727051,1.9698457717895508,1.9698457717895508,2.4180078506469727,2.6460423469543457,3.1857285499572754,3.1857285499572754,3.600895404815674,3.600895404815674,2.661001205444336,3.052560806274414,3.052560806274414,1.3387722969055176,0.3655872344970703,0.0,0.760361909866333,0.0,0.0
0.0,0.03851461410522461,1.651470422744751,2.50762939453125,1.0879662036895752,0.6877329349517822,0.9036157131195068,0.0,0.8261227607727051,2.0003108978271484,2.0003108978271484,2.1837453842163086,2.1837453842163086,2.270009994506836,3.1857285499572754,4.440220832824707,4.440220832824707,1.9795575141906738,1.1977198123931885,3.543732166290283,3.543732166290283,2.958017349243164,2.958017349243164,2.8339295387268066,0.760361909866333,0.0,0.5544173717498779
0.18368220329284668,1.726550817489624,1.8128204345703125,2.50762939453125,0.0,0.002333402633666992,1.6034395694732666,0.47731900215148926,0.37659168243408203,0.9261507987976074,0.959972620010376,2.1837453842163086,2.1837453842163086,3.3684048652648926,3.3684048652648926,1.0509536266326904,1.518692970275879,1.518692970275879,1.79184889793396,3.543732166290283,3.543732166290283,0.48132920265197754,1.665095567703247,1.3377478122711182,1.2623310089111328,0.3629293441772461,0.912022590637207
0.9118247032165527,0.7102210521697998,1.8388144969940186,0.0,0.0,0.01685023307800293,0.0,0.8402674198150635,0.5607008934020996,0.49073314666748047,0.822479248046875,0.822479248046875,1.5792877674102783,3.3684048652648926,3.3684048652648926,0.0,0.9617011547088623,0.9613544940948486,1.79184889793396,1.79184889793396,1.3876712322235107,0.7252476215362549,1.1820826530456543,1.1820826530456543,1.2623310089111328,0.0,0.912022590637207
0.9118247032165527,0.6004595756530762,1.8388144969940186,0.0,0.24626684188842773,0.24626684188842773,0.0,0.8994150161743164,0.8994150161743164,0.2821781635284424,0.0,0.7294619083404541,1.1988654136657715,1.1988654136657715,2.6860151290893555,0.3631117343902588,2.0673112869262695,2.0673112869262695,0.32295942306518555,1.7735192775726318,1.3876712322235107,0.7252476215362549,2.521251678466797,1.5313382148742676,4.722617149353027,4.722617149353027,0.3207123279571533
0.6754150390625,0.7634780406951904,0.9557497501373291,0.0,0.0,0.0,0.0,0.8994150161743164,0.8994150161743164,0.558002233505249,0.558002233505249,0.7065989971160889,0.7065989971160889,0.0,0.0,0.0,0.6290402412414551,0.8756844997406006,0.0,0.7462022304534912,0.7462022304534912,0.6033978462219238,1.9965863227844238,1.9033308029174805,4.722617149353027,4.722617149353027,1.6869213581085205
2.670339584350586,0.7634780406951904,0.5842325687408447,0.5842325687408447,0.04291653633117676,0.04291653633117676,0.0,0.5819945335388184,1.745894193649292,1.4462246894836426,0.558002233505249,1.1197569370269775,1.1197569370269775,0.0,0.06325125694274902,0.0,0.0,0.6836974620819092,1.6277844905853271,0.7462022304534912,0.7462022304534912,0.08057427406311035,0.7828457355499268,0.6644251346588135,1.405071496963501,3.783813953399658,3.783813953399658
2.670339584350586,0.4569385051727295,0.0,0.0,0.0,0.17488408088684082,1.2029905319213867,1.2029905319213867,1.745894193649292,1.4462246894836426,0.0,0.0,0.0,1.4002490043640137,1.4002490043640137,0.0,0.2934138774871826,2.6081900596618652,0.5926239490509033,0.5926239490509033,2.6575193405151367,0.7764921188354492,0.8278717994689941,2.7119193077087402,2.7119193077087402,3.783813953399658,3.783813953399658
0.0,0.0,0.0,0.0,1.8922672271728516,0.2630178928375244,0.0,0.0,0.47283291816711426,0.07036232948303223,0.4572312831878662,0.0,0.48989105224609375,0.48989105224609375,0.14374709129333496,0.0,0.13288640975952148,0.0,0.5926239490509033,1.3189573287963867,2.6575193405151367,2.66670560836792,2.66670560836792,3.7797865867614746,2.7119193077087402,5.025984287261963,5.025984287261963
0.8301784992218018,0.30859899520874023,0.0,0.0,1.709092617034912,1.709092617034912,1.0297682285308838,0.5604197978973389,0.0,0.5274202823638916,0.8363804817199707,0.5539059638977051,0.1282198429107666,0.14374709129333496,0.14374709129333496,0.6528522968292236,0.13288640975952148,0.0,0.0,0.0,1.066230297088623,3.5684146881103516,3.5684146881103516,3.7797865867614746,3.3812665939331055,3.2026901245117188,1.9957399368286133
0.8301784992218018,0.0,1.7477307319641113,1.7477307319641113,1.709092617034912,1.709092617034912,1.0297682285308838,0.7922708988189697,1.0415349006652832,0.5274202823638916,0.8363804817199707,0.5539059638977051,0.1282198429107666,0.1282198429107666,0.9538664817810059,0.6528522968292236,0.022965192794799805,0.0,0.0,0.5137932300567627,1.066230297088623,3.5684146881103516,3.5684146881103516,2.858314037322998,3.3812665939331055,3.2026901245117188,1.9957399368286133
2.617443561553955,2.617443561553955,1.7477307319641113,1.9770698547363281,2.559500217437744,2.559500217437744,0.448530912399292,0.7922708988189697,0.7922708988189697,0.0,0.0,0.0,0.026386737823486328,0.0,1.0774855613708496,1.0774855613708496,2.3709354400634766,0.12276506423950195,1.036578893661499,0.5137932300567627,0.866940975189209,2.145623207092285,2.046112537384033,3.187196731567383,7.378932476043701,7.378932476043701,4.565596580505371
3.575467586517334,2.617443561553955,1.1482715606689453,1.9770698547363281,2.559500217437744,2.8394274711608887,2.8394274711608887,1.251814842224121,3.5504579544067383,1.282331943511963,0.0776205062866211,2.6543684005737305,2.388545513153076,1.3323676586151123,1.3323676586151123,1.4820549488067627,2.3709354400634766,0.12276506423950195,1.2498657703399658,1.2207069396972656,1.6541619300842285,2.5671730041503906,1.6848886013031006,3.8478589057922363,3.187196731567383,4.565596580505371,4.565596580505371
3.575467586517334,4.018296718597412,4.018296718597412,1.7428345680236816,1.7257020473480225,2.4651761054992676,2.4651761054992676,1.251814842224121,4.30163049697876,4.30163049697876,0.43639159202575684,2.6543684005737305,0.29921412467956543,0.0,0.0,1.1601307392120361,2.444032669067383,2.444032669067383,1.5068981647491455,2.704742431640625,1.6541619300842285,3.3353939056396484,4.308366775512695,4.14298152923584,2.7520995140075684,3.9267807006835938,1.1676356792449951
4.123133182525635,4.123133182525635,4.018296718597412,3.277942657470703,3.801852226257324,3.801852226257324,3.5737171173095703,0.0,0.0,2.056417465209961,0.0,0.5289428234100342,0.8530380725860596,0.3202669620513916,0.7619647979736328,4.296585559844971,2.918879985809326,2.444032669067383,1.5068981647491455,2.6360812187194824,4.003577709197998,3.3353939056396484,5.507161617279053,5.507161617279053,1.0030019283294678,1.0030019283294678,1.952652931213379
1.4424188137054443,2.763010025024414,3.277942657470703,4.533063888549805,5.283382415771484,5.283382415771484,1.4256792068481445,2.5401439666748047,0.0,3.6765589714050293,4.118749618530273,0.8149182796478271,1.333914041519165,2.6089258193969727,0.7619647979736328,4.296585559844971,3.440646171569824,3.440646171569824,3.1605963706970215,3.1605963706970215,4.003577709197998,1.7554097175598145,5.507161617279053,5.507161617279053,1.512089490890503,0.567755937576294,1.952652931213379
1.6820611953735352,4.029141902923584,6.832757472991943,1.8364338874816895,5.283382415771484,5.283382415771484,5.95310640335083,2.5401439666748047,3.098073959350586,2.7206926345825195,2.7206926345825195,3.8987693786621094,3.8987693786621094,2.6089258193969727,2.01112699508667,2.01112699508667,3.0479674339294434,5.283840179443359,5.283840179443359,3.316375732421875,2.591064453125,3.5486650466918945,1.9394688606262207,5.328896999359131,0.8824629783630371,0.567755937576294,0.567755937576294
0.7350821495056152,4.029141902923584,4.029141902923584,2.360969066619873,5.156498432159424,5.156498432159424,5.95310640335083,3.975667953491211,4.997584342956543,4.997584342956543,2.7206926345825195,3.4678664207458496,3.1635284423828125,4.432540416717529,4.435421943664551,2.9303479194641113,2.9303479194641113,1.780466079711914,0.7773866653442383,1.7120203971862793,3.7630252838134766,3.952918529510498,0.8437008857727051,0.8437008857727051,0.8824629783630371,0.98256516456604,3.03958797454834
1.0103991031646729,2.0543441772460938,2.837830066680908,2.360969066619873,2.5956902503967285,3.8566908836364746,3.8566908836364746,7.882757663726807,7.882757663726807,3.0437145233154297,6.211796283721924,3.4678664207458496,3.1635284423828125,0.4224255084991455,0.0,2.9303479194641113,2.9303479194641113,3.3844714164733887,1.4873898029327393,1.7120203971862793,1.5782744884490967,1.5782744884490967,2.554976463317871,0.8437008857727051,1.401477575302124,1.401477575302124,3.03958797454834
3.1813254356384277,1.366229772567749,3.531195640563965,3.531195640563965,3.4867115020751953,3.8566908836364746,3.8566908836364746,2.320733070373535,3.32774019241333,4.465919494628906,4.4439897537231445,2.2066473960876465,2.2066473960876465,5.39503288269043,5.39503288269043,2.9846653938293457,1.7294800281524658,3.3844714164733887,0.0,0.08023595809936523,0.6426453590393066,0.6426453590393066,2.554976463317871,2.9142379760742188,1.3065123558044434,1.3065123558044434,0.8152084350585938
0.0,1.366229772567749,2.843204975128174,2.843204975128174,0.8076133728027344,3.4116954803466797,3.4116954803466797,1.4642107486724854,2.893364906311035,4.465919494628906,4.4439897537231445,0.16628074645996094,1.5604000091552734,5.39503288269043,5.39503288269043,2.9846653938293457,0.0,3.6360855102539062,0.4500460624694824,0.0,0.40132784843444824,0.3477761745452881,1.5703833103179932,2.9142379760742188,1.840294361114502,1.5068256855010986,2.093285083770752
3.2186503410339355,3.2186503410339355,2.1322269439697266,2.1322269439697266,0.8076133728027344,3.4116954803466797,3.4116954803466797,3.218395233154297,3.218395233154297,0.6980960369110107,0.6980960369110107,0.685523271560669,1.5604000091552734,1.5604000091552734,0.0,0.0,0.0,0.5135102272033691,4.821353435516357,0.5265343189239502,0.40132784843444824,0.1717233657836914,0.1717233657836914,1.840294361114502,2.203584671020508,4.123239994049072,4.123239994049072
2.532348155975342,0.4695322513580322,0.4695322513580322,0.0,0.0,0.0,0.5812168121337891,3.218395233154297,3.218395233154297,2.9496517181396484,2.9496517181396484,0.0,0.0,0.0,0.0,0.0,0.0,0.5135102272033691,3.579824924468994,3.579824924468994,0.42612767219543457,0.0,0.4635887145996094,0.23380064964294434,2.203584671020508,4.123239994049072,4.123239994049072
0.0,1.7844114303588867,0.9565153121948242,0.9565153121948242,0.0,0.0,0.0,2.241175651550293,2.241175651550293,1.9188928604125977,5.7852983474731445,0.0,0.0,0.0,0.0,1.7415168285369873,3.2675094604492188,3.2675094604492188,2.273974895477295,2.273974895477295,0.0,0.0,0.4635887145996094,0.23380064964294434,1.5980684757232666,1.456028938293457,2.2530031204223633
2.69858980178833,2.69858980178833,0.9565153121948242,0.9565153121948242,0.0,0.0,0.0,0.0,3.898324489593506,3.898324489593506,5.998145580291748,5.998145580291748,0.32720470428466797,0.32720470428466797,0.0,1.7415168285369873,3.2675094604492188,3.2675094604492188,2.745041847229004,0.5068995952606201,0.476243257522583,0.0,0.0,1.0092477798461914,1.9114594459533691,1.9114594459533691,1.456028938293457
2.69858980178833,2.69858980178833,0.0,0.0,0.0,0.0,0.0,0.0,3.898324489593506,4.113462448120117,1.3140547275543213,1.886460304260254,2.825577735900879,0.32720470428466797,0.0,2.671009063720703,4.240007400512695,4.240007400512695,1.8625257015228271,1.3479337692260742,0.6447334289550781,0.7577695846557617,2.1719064712524414,2.1719064712524414,1.9114594459533691,1.9114594459533691,3.7707886695861816

Channel 40
1.8576642274856567,2.209260940551758,2.0029685497283936,2.606471538543701,2.606471538543701,2.3734500408172607,2.3734500408172607,1.7250678539276123,1.2311408519744873,1.4841810464859009,0.1412760317325592,0.0,0.0,0.0,0.0,0.0,1.685555100440979,2.293748140335083,2.293748140335083,2.504143238067627,2.3272924423217773,1.7407299280166626,2.5315604209899902,2.5315604209899902,1.1860220432281494,1.8242725133895874,2.671600580215454
1.632061243057251,1.632061243057251,1.4923657178878784,1.5239073038101196,1.5239073038101196,1.8687348365783691,1.6137080192565918,0.0,0.0,0.1412760317325592,0.1412760317325592,0.0,0.0,0.0,0.0,0.0,0.0,0.0,0.0,0.9852979183197021,0.9852979183197021,1.7378206253051758,2.1241395473480225,2.2688026428222656,1.4425188302993774,1.8242725133895874,2.4502968788146973
2.1856791973114014,1.8703482151031494,1.8703482151031494,2.5348873138427734,2.5348873138427734,0.4336061477661133,0.0,0.0,0.0,0.0,0.0,0.0,0.0,0.0,0.0,0.0,0.0,0.0,0.0,0.0,0.0,0.5968629717826843,2.1241395473480225,2.2688026428222656,1.648850440979004,1.8075470924377441,2.8313424587249756
2.1856791973114014,1.775396466255188,2.2923574447631836,2.1192398071289062,1.1046881675720215,0.0,0.0,0.0,0.0,0.318901926279068,0.318901926279068,0.0,0.0,0.0,0.0,0.0,0.0,0.0,0.0,0.0,0.0,0.0,0.0,1.648850440979004,2.3663673400878906,1.8075470924377441,2.8313424587249756
2.1313092708587646,3.000387668609619,2.5424795150756836,0.2847212553024292,0.0,0.0,0.0,0.0,0.0,0.318901926279068,0.318901926279068,0.0,0.0,0.0,0.0,0.0,0.0,0.0,0.0,0.0,0.0,0.0,0.0,0.0,2.6306869983673096,3.0099008083343506,2.5361313819885254
4.589247703552246,3.000387668609619,2.463066816329956,0.0,0.0,0.0,0.0,0.0,0.0,0.0,0.0,0.0,0.0,0.0,0.0,0.0,0.0,0.0,0.0,0.0,0.0,0.0,0.0,0.0,1.6311163902282715,2.5361313819885254,2.5361313819885254
4.0174031257629395,2.096247434616089,0.0,0.0,0.0,0.0,0.0,0.0,0.0,0.0,0.0,0.0,0.0,0.0,0.0,0.0,0.0,0.0,0.0,0.0,0.0,0.0,0.0,0.0,0.26909881830215454,1.1443700790405273,1.7474898099899292
2.4299237728118896,1.9361023902893066,0.0,0.0,0.0,0.0,0.0,0.0,0.0,0.0,0.0,0.0,0.0,0.0,0.0,0.0,0.0,0.0,0.0,0.0,0.0,0.0,0.0,0.0,0.0,1.9008150100708008,1.9008150100708008
2.4299237728118896,1.239476203918457,0.0,0.0,0.0,0.0,0.0,0.0,0.0,0.0,0.0,0.0,0.0,0.0,0.0,0.0,0.0,0.7219533920288086,0.7219533920288086,0.0,0.0,0.0,0.0,0.0,0.0,0.5685811042785645,1.6682137250900269
1.9177911281585693,0.23862551152706146,0.0,0.0,0.0,0.0,0.0,0.0,0.0,0.0,0.0,0.0,0.0,0.0,0.0,0.0,0.0,0.7219533920288086,0.7219533920288086,0.0,0.0,0.0,0.0,0.0,0.5264095067977905,0.5264095067977905,1.6682137250900269
1.2666547298431396,0.23450982570648193,0.0,0.0,0.0,0.0,0.0,0.0,0.0,0.0,0.0,0.0,0.0,0.0,0.0,0.0,0.0,0.0,0.0,0.0,0.0,0.0,0.0,0.0,0.0,0.0,0.7998908162117004
0.5279743671417236,0.0,0.0,0.0,0.0,0.0,0.0,0.0,0.0,0.0,0.0,0.0,0.0,0.0,0.0,0.0,0.0,0.0,0.0,0.0,0.0,0.0,0.0,0.0,0.0,0.36067795753479004,0.7362732887268066
0.9193136692047119,0.0,0.0,0.0,0.0,0.0,0.0,0.0,0.0,0.0,0.0,0.0,0.0,0.0,0.0,0.0,0.0,0.0,0.0,0.0,0.0,0.0,0.0,0.22830870747566223,0.17298917472362518,0.36067795753479004,0.7863497138023376
1.6247830390930176,1.3096582889556885,0.0,0.0,0.0,0.0,0.0,0.0,0.0,0.0,0.0,0.0,0.0,0.0,0.0,0.0,0.0,0.0,0.0,0.0,0.0,0.0,0.0,0.22830870747566223,0.17298917472362518,0.4453143775463104,1.6400082111358643
1.7469664812088013,1.7469664812088013,0.0,0.0,0.0,0.0,0.0,0.0,1.2871898412704468,0.0,0.0,0.0,0.0,0.0,0.0,0.0,0.0,0.0,0.0,0.0,0.0,0.0,0.0,0.37345561385154724,0.8663707375526428,0.5372105836868286,0.6532872915267944
2.634220600128174,2.634220600128174,0.4840652346611023,0.0,0.0,0.0,0.0,0.0,1.2871898412704468,0.0,0.0,0.0,0.0,0.0,0.0,0.0,0.0,0.0,0.0,0.0,0.0,0.0,0.0,0.37345561385154724,0.6554071307182312,1.0765763521194458,1.5475902557373047
1.5415949821472168,3.76829195022583,3.76829195022583,1.2829573154449463,0.0,0.0,0.0,0.0,0.0,0.0,0.0,0.0,0.0,0.0,0.0,0.0,0.0,0.0,0.0,0.0,0.0,0.0,0.0,1.3304765224456787,1.3304765224456787,2.922112226486206,2.888928174972534
3.241508960723877,3.76829195022583,3.76829195022583,1.8239707946777344,0.0,0.2220870703458786,0.0,0.0,0.0,0.0,0.0,0.0,0.0,0.0,0.0,0.0,0.0,0.0,0.0,0.0,0.02720949426293373,0.02720949426293373,1.3871629238128662,1.3871629238128662,1.3304765224456787,2.922112226486206,2.888928174972534
2.8223681449890137,2.722076177597046,2.62728214263916,1.8101086616516113,2.8964157104492188,2.8964157104492188,0.512241780757904,0.0,0.0,0.0,0.0,0.0,0.0,0.0,0.0,0.0,0.0,0.1758599877357483,0.39431995153427124,1.5444365739822388,1.5444365739822388,2.2826337814331055,2.2826337814331055,1.5673402547836304,1.4013493061065674,2.7861428260803223,2.8871068954467773
2.1009786128997803,3.035804033279419,3.035804033279419,2.6384944915771484,2.8964157104492188,2.8964157104492188,2.228022575378418,3.0510945320129395,1.952061414718628,1.952061414718628,0.6943846344947815,0.6943846344947815,0.31614959239959717,0.5502257943153381,1.13185453414917,2.04783296585083,1.5463892221450806,1.5463892221450806,1.2551054954528809,1.5444365739822388,1.5444365739822388,2.2826337814331055,2.6614415645599365,2.3012003898620605,1.3501437902450562,1.9275094270706177,2.2919228076934814
2.042747974395752,3.035804033279419,3.1501057147979736,2.609998941421509,2.4843437671661377,2.336554527282715,1.8524162769317627,3.0510945320129395,3.539294481277466,3.539294481277466,4.04165506362915,4.04165506362915,2.4838552474975586,2.4838552474975586,2.645493745803833,3.323969602584839,2.989010810852051,1.5977712869644165,1.5642914772033691,1.5642914772033691,1.3168673515319824,1.8503721952438354,2.078451156616211,2.4302151203155518,2.4302151203155518,1.9411414861679077,1.6398698091506958
1.6975982189178467,2.255016326904297,2.4643421173095703,2.819357395172119,2.4843437671661377,1.9072003364562988,2.0829339027404785,1.562584638595581,3.2991249561309814,3.711427688598633,4.04165506362915,4.04165506362915,3.335096597671509,3.335096597671509,3.099039077758789,3.323969602584839,3.0394387245178223,2.797358989715576,1.8606421947479248,1.5642914772033691,1.0110944509506226,1.3841437101364136,1.3841437101364136,1.6537271738052368,2.206062078475952,1.6013891696929932,1.8093773126602173
2.184878349304199,2.255016326904297,2.0536160469055176,2.0536160469055176,0.8473770618438721,0.9635403752326965,2.0829339027404785,2.35473895072937,4.684288024902344,3.711427688598633,3.711427688598633,3.4532947540283203,3.459350824356079,3.335096597671509,2.90783953666687,2.90783953666687,2.925233840942383,3.817171096801758,2.3863749504089355,1.215343952178955,1.1739178895950317,1.41273832321167,1.41273832321167,1.2091766595840454,1.6915943622589111,1.5290733575820923,2.1317195892333984
2.3263726234436035,1.7666269540786743,1.7666269540786743,0.5790092945098877,0.8473770618438721,0.9635403752326965,1.4652113914489746,3.1373329162597656,3.1373329162597656,1.9048281908035278,3.7778499126434326,2.684123992919922,2.89902663230896,2.89902663230896,2.584829807281494,2.7165579795837402,2.925233840942383,2.925233840942383,2.3863749504089355,1.447898030281067,1.447898030281067,1.1775035858154297,1.2261134386062622,1.333406686782837,1.4214465618133545,1.8750145435333252,2.1317195892333984
2.93243670463562,1.5991590023040771,1.2595691680908203,1.055597186088562,0.8651745319366455,0.8716571927070618,0.9428142309188843,1.2339985370635986,2.2305002212524414,2.5014560222625732,4.077577590942383,4.077577590942383,2.463963747024536,2.463963747024536,2.584829807281494,2.7165579795837402,2.7165579795837402,1.806086778640747,1.2579345703125,1.2579345703125,1.160311222076416,1.160311222076416,1.2261134386062622,1.608942985534668,1.6945717334747314,2.242772340774536,2.242772340774536
2.3224542140960693,1.777646541595459,0.44484421610832214,1.055597186088562,0.877893328666687,1.2254730463027954,1.1537060737609863,1.2339985370635986,1.6120469570159912,3.4287118911743164,3.4287118911743164,2.708954095840454,1.866669774055481,1.8440765142440796,1.9071826934814453,1.9071826934814453,2.090085506439209,1.7132877111434937,1.7291841506958008,1.2579345703125,1.2167071104049683,1.5846980810165405,1.1491425037384033,1.9264614582061768,1.9264614582061768,2.242772340774536,2.242772340774536
2.263443946838379,1.777646541595459,1.7665319442749023,0.6376994252204895,0.8953817486763,1.562633991241455,2.185324192047119,2.324510097503662,2.0670852661132812,3.152052879333496,2.9538955688476562,2.9538955688476562,2.763571262359619,2.505011558532715,2.16801381111145,2.2527530193328857,2.2527530193328857,2.75679874420166,2.75679874420166,1.8376504182815552,2.5513877868652344,2.107172966003418,1.8109688758850098,1.9264614582061768,1.9264614582061768,1.39854896068573,3.3282618522644043

Channel 41
6.146716117858887,6.146716117858887,3.007978677749634,3.112454414367676,3.112454414367676,2.7165586948394775,3.754211187362671,3.4368059635162354,4.798640251159668,3.9455792903900146,4.172626495361328,2.9490678310394287,3.2267301082611084,2.8812313079833984,1.060596227645874,1.5362462997436523,2.5019102096557617,2.5019102096557617,2.1361305713653564,2.1361305713653564,2.770402193069458,3.5881564617156982,3.5881564617156982,2.3250327110290527,3.1440231800079346,3.1440231800079346,2.101778507232666
3.612563371658325,3.0403807163238525,3.007978677749634,3.007978677749634,2.7165586948394775,2.7165586948394775,1.3400371074676514,3.7091405391693115,4.798640251159668,2.1431758403778076,2.682542324066162,1.414231777191162,3.2267301082611084,3.911126136779785,3.911126136779785,1.9573379755020142,2.5019102096557617,2.5697219371795654,2.5697219371795654,2.3357467651367188,2.3357467651367188,3.5881564617156982,3.5881564617156982,1.9598993062973022,3.1440231800079346,3.1440231800079346,0.9207169413566589
3.612563371658325,1.5166974067687988,1.8697009086608887,10.760249137878418,4.606853008270264,2.7493269443511963,2.7493269443511963,0.9355085492134094,1.622061014175415,2.1431758403778076,2.1431758403778076,2.3927059173583984,2.7633004188537598,2.7633004188537598,2.233452081680298,2.8813602924346924,3.2695484161376953,3.3403468132019043,2.5697219371795654,2.117915391921997,2.805008888244629,1.0701302289962769,1.775300145149231,1.9275920391082764,1.575496792793274,2.6348326206207275,0.9418795108795166
1.5564347505569458,2.389049768447876,6.1472954750061035,10.760249137878418,4.606853008270264,1.9402719736099243,1.5169504880905151,1.313361406326294,1.45512056350708,1.45512056350708,2.9864654541015625,2.503584861755371,2.7633004188537598,3.2262861728668213,2.233452081680298,2.8813602924346924,3.2695484161376953,3.2695484161376953,3.103450059890747,2.117915391921997,2.805008888244629,2.4093148708343506,0.5903856158256531,1.1100939512252808,2.7494473457336426,2.7494473457336426,1.9714992046356201
2.0694642066955566,2.389049768447876,5.634120941162109,1.612768292427063,1.612768292427063,1.0826029777526855,1.309033989906311,3.265455484390259,3.265455484390259,0.665212869644165,1.4249147176742554,2.503584861755371,2.2476108074188232,1.4693578481674194,1.4693578481674194,0.7554858326911926,3.3159546852111816,0.5825103521347046,1.9378271102905273,1.4443944692611694,1.7389739751815796,1.7389739751815796,3.7912838459014893,3.7912838459014893,2.3621280193328857,1.08025062084198,1.7461495399475098
4.053621292114258,4.053621292114258,3.193443775177002,0.8652535080909729,0.8652535080909729,1.0826029777526855,0.6915572881698608,0.7044199705123901,1.2230337858200073,0.49026334285736084,0.7676369547843933,1.7875022888183594,2.1613245010375977,1.2255421876907349,1.5679643154144287,1.2527880668640137,0.7422768473625183,1.6781091690063477,1.6781091690063477,2.8669917583465576,1.7055920362472534,1.7055920362472534,2.6362826824188232,1.8428748846054077,1.8428748846054077,2.218895196914673,0.9832775592803955
4.221900463104248,4.221900463104248,3.6510539054870605,3.6510539054870605,0.6848382949829102,0.6848382949829102,0.14533662796020508,0.7044199705123901,3.136749505996704,3.136749505996704,0.6592481136322021,0.7807047963142395,0.7807047963142395,0.963054358959198,1.5679643154144287,1.2527880668640137,0.5045555233955383,1.6781091690063477,1.6781091690063477,0.540448784828186,1.7055920362472534,1.7055920362472534,1.7188721895217896,1.8816503286361694,2.0129969120025635,2.218895196914673,1.2767422199249268
4.221900463104248,4.221900463104248,3.6510539054870605,3.6510539054870605,0.6335570216178894,3.2507271766662598,1.316726565361023,0.5619361996650696,3.4988441467285156,2.929309606552124,1.2878594398498535,0.9456708431243896,0.9456708431243896,1.1831499338150024,1.1831499338150024,1.0785175561904907,2.3859403133392334,2.3859403133392334,2.151644468307495,1.3133751153945923,1.8761100769042969,1.8926990032196045,0.2232828438282013,0.8557466864585876,0.5492498278617859,3.296833038330078,2.5101218223571777
6.846798419952393,3.7288804054260254,3.527815818786621,3.527815818786621,0.6335570216178894,3.2507271766662598,1.8062752485275269,1.8062752485275269,3.4988441467285156,1.5554598569869995,1.2878594398498535,0.9456708431243896,1.5754033327102661,2.8013784885406494,1.1831499338150024,0.7010683417320251,3.0665528774261475,2.3859403133392334,1.8924221992492676,1.4115698337554932,3.482886791229248,1.8926990032196045,2.3837597370147705,3.3821280002593994,3.3821280002593994,3.296833038330078,2.5101218223571777
6.846798419952393,5.783620357513428,0.25097498297691345,1.994189977645874,4.532204627990723,1.1250765323638916,1.8062752485275269,1.8062752485275269,0.6749057769775391,0.717943549156189,0.7126613259315491,0.9167878031730652,1.5754033327102661,1.5754033327102661,0.8611053228378296,0.24238842725753784,0.6665482521057129,0.6665482521057129,1.4115698337554932,2.0784575939178467,3.482886791229248,1.9289416074752808,2.3837597370147705,3.3821280002593994,3.3821280002593994,3.5804874897003174,3.5804874897003174
3.804088592529297,1.9475432634353638,1.9174225330352783,1.994189977645874,2.4698259830474854,3.6777291297912598,0.16989438235759735,2.0947299003601074,1.1732172966003418,0.7126613259315491,0.742841362953186,0.9167878031730652,1.4703768491744995,1.4703768491744995,2.618211030960083,2.618211030960083,0.14718763530254364,0.1482018083333969,0.19097281992435455,0.7356884479522705,1.5960605144500732,1.5960605144500732,1.5846614837646484,1.5846614837646484,7.621025562286377,5.307264804840088,1.8988099098205566
2.209322452545166,2.0129189491271973,1.9174225330352783,0.35474225878715515,2.4698259830474854,2.4698259830474854,2.0150492191314697,2.0150492191314697,1.0513275861740112,0.6723471283912659,0.5879384279251099,1.3449733257293701,2.204406499862671,2.204406499862671,2.618211030960083,2.618211030960083,1.1487537622451782,0.04007786139845848,0.5733609199523926,0.5704621076583862,1.5960605144500732,1.5960605144500732,2.439708709716797,2.439708709716797,7.621025562286377,8.102876663208008,3.771275758743286
4.600849628448486,5.238743305206299,3.354034185409546,4.826358318328857,4.826358318328857,1.3569542169570923,0.5682267546653748,1.0513275861740112,1.0513275861740112,1.0023196935653687,1.109148621559143,1.3449733257293701,2.204406499862671,2.204406499862671,2.467728853225708,0.5443752408027649,4.604257583618164,1.7637660503387451,0.5733609199523926,1.283111810684204,2.075777769088745,3.445464611053467,5.078390598297119,5.435149669647217,5.435149669647217,8.102876663208008,3.771275758743286
4.600849628448486,5.238743305206299,2.536736249923706,2.409593343734741,0.9265663027763367,1.6835354566574097,1.7167245149612427,3.4716103076934814,3.4716103076934814,1.4132766723632812,0.9426066279411316,3.06125545501709,3.06125545501709,1.9960150718688965,2.467728853225708,1.6993372440338135,4.604257583618164,1.364189624786377,4.121036529541016,2.2098617553710938,2.2098617553710938,4.7575883865356445,5.078390598297119,5.435149669647217,6.535199165344238,6.535199165344238,2.125789165496826
3.073148012161255,5.2891011238098145,5.2891011238098145,1.811269760131836,3.0149319171905518,1.6835354566574097,1.7167245149612427,3.4716103076934814,3.4716103076934814,3.201028347015381,3.201028347015381,0.8478702306747437,1.2563285827636719,1.120442509651184,1.2041902542114258,1.6993372440338135,0.9714639186859131,1.463651180267334,4.121036529541016,2.849839210510254,2.2098617553710938,2.592996835708618,4.8104681968688965,5.9930620193481445,6.535199165344238,6.535199165344238,2.180187940597534
3.073148012161255,5.2891011238098145,5.2891011238098145,2.966362237930298,3.0149319171905518,2.6526196002960205,2.6526196002960205,1.409387469291687,0.5926142930984497,2.9729831218719482,1.0402024984359741,0.6918798089027405,0.33377137780189514,0.7662190198898315,0.7875423431396484,1.0256118774414062,1.9639745950698853,2.457456350326538,4.317328453063965,3.172675848007202,2.68039870262146,4.44364595413208,4.8104681968688965,3.002411127090454,2.913545608520508,3.4401638507843018,2.4203238487243652
1.5044565200805664,13.052376747131348,13.052376747131348,2.320556402206421,1.7529919147491455,2.6526196002960205,3.672441005706787,2.7242352962493896,0.7299927473068237,3.8720569610595703,3.8720569610595703,1.2475041151046753,1.1956549882888794,1.1932551860809326,2.814645767211914,2.814645767211914,4.273046016693115,4.273046016693115,4.346594333648682,4.346594333648682,3.982508420944214,4.44364595413208,1.9342550039291382,3.169908046722412,3.169908046722412,1.469452977180481,2.4203238487243652
1.6924728155136108,13.052376747131348,13.052376747131348,2.6764163970947266,3.669163942337036,1.971130132675171,3.672441005706787,2.7242352962493896,2.1690948009490967,2.500246524810791,2.500246524810791,5.724943161010742,3.9897406101226807,3.9897406101226807,6.497661590576172,6.497661590576172,1.934533715248108,2.2654314041137695,4.346594333648682,4.346594333648682,2.1766679286956787,1.926041841506958,2.2798752784729004,0.8041180372238159,0.6027058362960815,1.173498272895813,1.0854934453964233
3.7206268310546875,6.3461503982543945,6.3461503982543945,3.2660131454467773,3.669163942337036,3.4260902404785156,1.2162551879882812,2.0196428298950195,3.9599626064300537,2.500246524810791,2.5773918628692627,2.5773918628692627,3.9897406101226807,3.9897406101226807,6.497661590576172,6.497661590576172,1.1061692237854004,1.631834626197815,1.6270374059677124,2.4728896617889404,2.4728896617889404,1.0452725887298584,0.886077344417572,0.432028591632843,1.6247862577438354,2.2687621116638184,2.2687621116638184
3.7206268310546875,2.5773329734802246,2.1398754119873047,2.591088056564331,5.7213239669799805,3.4260902404785156,2.175729751586914,0.751923680305481,3.9599626064300537,2.5478949546813965,4.103016376495361,4.103016376495361,3.749892234802246,1.453111171722412,2.404642105102539,2.404642105102539,4.718907833099365,4.718907833099365,3.0675809383392334,1.6270374059677124,0.47344011068344116,2.4550328254699707,0.7583905458450317,0.6802947521209717,1.6247862577438354,2.2687621116638184,3.9565589427948
1.4880660772323608,1.1342570781707764,4.830386638641357,4.830386638641357,2.846217632293701,2.5630130767822266,2.550098419189453,0.9218329787254333,3.253286123275757,2.5478949546813965,2.4564602375030518,2.5056183338165283,1.7058466672897339,1.453111171722412,2.404642105102539,2.404642105102539,1.1661365032196045,1.9437991380691528,1.9437991380691528,1.556734561920166,0.47344011068344116,1.093407154083252,1.2269635200500488,2.846203565597534,2.846203565597534,1.3614922761917114,3.9565589427948
1.654678463935852,2.7404191493988037,3.6227188110351562,3.6227188110351562,2.846217632293701,2.5630130767822266,0.7177729606628418,0.9218329787254333,4.074023723602295,3.936457633972168,2.4564602375030518,2.4564602375030518,0.9719394445419312,0.9719394445419312,0.9271939396858215,1.7166352272033691,0.7008522152900696,4.226039409637451,1.9437991380691528,2.477661609649658,2.477661609649658,1.486918330192566,1.8570595979690552,2.846203565597534,2.846203565597534,1.496673345565796,2.970579147338867
2.168658971786499,2.7404191493988037,2.7404191493988037,0.6658679246902466,0.18249616026878357,1.6520336866378784,1.0454169511795044,4.109604358673096,4.109604358673096,3.936457633972168,1.0840321779251099,0.48602163791656494,0.9719394445419312,0.9719394445419312,0.8425963521003723,0.9123961925506592,3.0186562538146973,3.3493947982788086,5.418234348297119,2.1184778213500977,3.1143879890441895,1.486918330192566,1.8570595979690552,1.0500271320343018,1.8024917840957642,2.596200942993164,2.1275312900543213
2.168658971786499,1.3313783407211304,1.3313783407211304,0.5390356779098511,0.3160797953605652,0.7303963899612427,0.5160741806030273,4.109604358673096,4.109604358673096,1.5641716718673706,1.5641716718673706,1.1147429943084717,0.30422264337539673,0.14622095227241516,0.6143038868904114,0.6143038868904114,3.0186562538146973,3.3493947982788086,3.3493947982788086,2.1184778213500977,3.1881465911865234,3.1881465911865234,1.0747956037521362,6.625079154968262,6.625079154968262,2.0491092205047607,2.793482542037964
1.7153264284133911,1.2848684787750244,1.2848684787750244,0.5390356779098511,0.42187684774398804,0.7303963899612427,0.31723445653915405,0.6366795897483826,4.719756126403809,4.719756126403809,1.5641716718673706,1.1147429943084717,0.30422264337539673,0.7174080014228821,0.6795102953910828,2.8753931522369385,16.942764282226562,6.538654804229736,6.538654804229736,3.909041404724121,3.1881465911865234,3.1881465911865234,1.2959564924240112,1.4512364864349365,1.1466634273529053,4.493422985076904,3.20206880569458
1.7153264284133911,1.2164156436920166,1.172732949256897,0.2977759838104248,0.7489351034164429,0.7421907782554626,0.7421907782554626,0.45258796215057373,4.719756126403809,5.143688678741455,2.6035282611846924,1.184916615486145,2.1853373050689697,0.7174080014228821,3.1344847679138184,13.315922737121582,13.315922737121582,5.7441301345825195,3.909041404724121,3.909041404724121,2.0295541286468506,1.893847107887268,1.1763864755630493,3.2710602283477783,2.642075300216675,4.493422985076904,2.328723907470703
0.6099058985710144,1.6252305507659912,1.6252305507659912,0.9057156443595886,0.5131586194038391,0.7421907782554626,0.7421907782554626,0.4413378834724426,5.463968276977539,5.463968276977539,2.6035282611846924,2.7509210109710693,2.7509210109710693,0.6666868925094604,6.645934104919434,6.645934104919434,4.540226459503174,4.4651570320129395,6.0856733322143555,3.2185301780700684,0.5573902726173401,1.5013189315795898,0.8201038241386414,3.2710602283477783,2.642075300216675,2.642075300216675,1.312130093574524

Channel 42
1.688072919845581,1.688072919845581,1.1926946640014648,2.649993419647217,2.649993419647217,0.4640670418739319,4.199368953704834,6.022665977478027,6.681687355041504,9.848061561584473,8.475404739379883,6.86640739440918,6.238327980041504,6.455879211425781,5.963873863220215,8.408025741577148,8.597929954528809,9.150677680969238,9.150677680969238,8.274737358093262,2.179678201675415,2.3265860080718994,1.1348021030426025,1.1348021030426025,1.2328035831451416,1.5786819458007812,1.5786819458007812
1.688072919845581,1.688072919845581,0.23160600662231445,2.649993419647217,5.078260898590088,5.078260898590088,4.313751697540283,6.636061668395996,6.636061668395996,8.475404739379883,8.475404739379883,1.8973872661590576,10.993395805358887,10.993395805358887,5.963873863220215,7.697181701660156,6.901604175567627,10.345834732055664,5.8814826011657715,8.177053451538086,8.177053451538086,5.698185920715332,5.608645439147949,1.4501447677612305,1.0304524898529053,1.6003358364105225,1.5786819458007812
3.4802072048187256,2.0980236530303955,0.11183634400367737,5.768582820892334,5.768582820892334,6.367762565612793,6.367762565612793,5.075613498687744,5.6399712562561035,7.191062927246094,9.700925827026367,9.700925827026367,1.4687533378601074,6.085091590881348,5.7050909996032715,12.963045120239258,12.963045120239258,6.606964588165283,4.648421287536621,4.270148277282715,3.5586421489715576,6.460794448852539,7.842713356018066,7.842713356018066,1.9523341655731201,1.6003358364105225,1.106910228729248
3.4802072048187256,2.0980236530303955,3.348726511001587,5.768582820892334,5.768582820892334,6.367762565612793,7.634174823760986,5.632575511932373,5.0948920249938965,7.4673614501953125,9.700925827026367,9.700925827026367,1.8013954162597656,2.222508430480957,8.058125495910645,12.963045120239258,12.963045120239258,9.479191780090332,9.479191780090332,10.675898551940918,8.39117431640625,9.394105911254883,9.394105911254883,8.033090591430664,4.05117130279541,0.47314679622650146,0.759115993976593
2.1427688598632812,1.772090196609497,3.348726511001587,7.1769328117370605,7.1769328117370605,2.884068727493286,7.634174823760986,9.439568519592285,9.439568519592285,9.61059856414795,9.61059856414795,7.951376914978027,7.477472305297852,14.965180397033691,11.139204978942871,6.672927379608154,7.471832275390625,9.479191780090332,11.466714859008789,7.737954139709473,7.737954139709473,5.783663272857666,5.783663272857666,8.033090591430664,7.892732620239258,3.3499228954315186,3.3499228954315186
6.3674750328063965,4.532020092010498,4.532020092010498,2.7800769805908203,5.480010509490967,11.726027488708496,4.791995048522949,9.439568519592285,9.439568519592285,3.941927671432495,3.941927671432495,15.391682624816895,15.391682624816895,10.2615966796875,10.2615966796875,5.680441379547119,13.254212379455566,13.254212379455566,4.737203598022461,9.711175918579102,5.9419846534729,5.783663272857666,5.783663272857666,5.339288711547852,5.339288711547852,3.3499228954315186,3.3499228954315186
6.3674750328063965,2.684269666671753,7.661118984222412,2.6322743892669678,5.480010509490967,11.726027488708496,4.791995048522949,8.287409782409668,9.550271034240723,10.024585723876953,10.414841651916504,15.391682624816895,15.391682624816895,10.2615966796875,11.341178894042969,7.466324806213379,13.254212379455566,13.254212379455566,4.737203598022461,14.698796272277832,14.698796272277832,2.0779759883880615,12.222921371459961,12.222921371459961,9.342690467834473,6.104939937591553,1.1604411602020264
3.6791605949401855,3.6791605949401855,7.661118984222412,2.6322743892669678,6.542748928070068,6.542748928070068,1.0681872367858887,2.569814682006836,2.9197094440460205,0.0,1.4032998085021973,7.284696578979492,5.2017107009887695,5.01149845123291,6.064817428588867,6.064817428588867,1.489377737045288,2.097221851348877,2.097221851348877,2.0831172466278076,2.7762460708618164,0.7685088515281677,12.222921371459961,12.222921371459961,5.646139144897461,5.646139144897461,1.1604411602020264
3.6791605949401855,3.6791605949401855,6.4217681884765625,6.4217681884765625,6.542748928070068,6.542748928070068,11.665664672851562,5.0421271324157715,14.22918701171875,14.22918701171875,1.3497350215911865,8.194242477416992,8.194242477416992,9.782269477844238,6.064817428588867,6.064817428588867,9.119762420654297,4.471126079559326,4.9207258224487305,4.9207258224487305,11.940786361694336,11.940786361694336,2.2641613483428955,1.053382396697998,2.9582014083862305,2.9582014083862305,0.5235280394554138
4.529428005218506,4.529428005218506,2.2217085361480713,12.300411224365234,12.300411224365234,5.2398681640625,11.665664672851562,5.0421271324157715,3.0951457023620605,3.232860565185547,3.232860565185547,0.0,5.300642013549805,14.248934745788574,14.248934745788574,1.112994909286499,18.490087509155273,18.490087509155273,12.239031791687012,6.1824188232421875,7.09291410446167,7.845915794372559,7.845915794372559,1.8360693454742432,6.059032917022705,8.56639289855957,2.690819263458252
2.227964401245117,2.6652445793151855,2.2217085361480713,12.300411224365234,12.300411224365234,0.4935821294784546,0.4935821294784546,0.0650804340839386,1.3128726482391357,8.56192398071289,14.814045906066895,7.775428295135498,0.0,1.1451070308685303,1.1451070308685303,0.0,6.032775402069092,12.539617538452148,9.726000785827637,6.1824188232421875,7.09291410446167,7.845915794372559,13.566061973571777,6.181089401245117,4.381551265716553,8.56639289855957,2.690819263458252
1.3347251415252686,0.5526224374771118,0.49723750352859497,0.3219773471355438,11.431827545166016,11.541324615478516,6.452024459838867,11.358587265014648,6.763363838195801,1.1847422122955322,1.0281493663787842,3.084869623184204,0.7043119072914124,1.8909294605255127,8.702160835266113,8.702160835266113,2.941466808319092,0.0,0.0,0.0,9.119851112365723,12.931035041809082,6.42343807220459,4.060661315917969,4.115035057067871,4.115035057067871,0.0013927072286605835
0.8354403376579285,0.6277653574943542,9.161052703857422,9.161052703857422,5.174844264984131,4.625920295715332,5.790624141693115,8.918797492980957,4.854554653167725,6.815453052520752,6.815453052520752,3.766042470932007,3.716050386428833,3.716050386428833,2.5006821155548096,6.8191070556640625,2.941466808319092,0.0,8.990384101867676,13.725187301635742,8.113655090332031,5.0543670654296875,3.5064802169799805,2.873356342315674,4.115035057067871,4.115035057067871,0.9522951245307922
3.2455122470855713,0.0,9.161052703857422,9.161052703857422,15.20555305480957,15.20555305480957,6.795527458190918,4.042240619659424,1.8418803215026855,6.815453052520752,6.815453052520752,2.2857580184936523,2.259281635284424,1.4933667182922363,5.663924694061279,2.5862696170806885,11.16177749633789,11.16177749633789,8.990384101867676,13.725187301635742,8.113655090332031,9.859515190124512,7.83837890625,7.83837890625,6.516163349151611,1.541076421737671,2.9395463466644287
2.094500780105591,1.881293773651123,1.9680309295654297,1.9680309295654297,15.20555305480957,15.20555305480957,6.795527458190918,4.111950874328613,2.874945878982544,1.956822156906128,1.9401051998138428,12.489608764648438,13.21692180633545,5.692512035369873,7.365270614624023,5.712585926055908,11.16177749633789,11.16177749633789,8.96340560913086,15.151593208312988,15.151593208312988,10.597430229187012,10.597430229187012,6.516163349151611,6.516163349151611,0.4542735815048218,0.5433008670806885
1.881293773651123,1.881293773651123,1.9680309295654297,11.311649322509766,5.430154323577881,2.640963554382324,3.4056992530822754,13.794998168945312,14.468811988830566,5.482974052429199,5.482974052429199,12.489608764648438,13.21692180633545,5.692512035369873,3.4518790245056152,3.4518790245056152,10.901032447814941,10.901032447814941,5.588979244232178,15.151593208312988,15.151593208312988,1.500894546508789,1.329319715499878,2.9459545612335205,2.9459545612335205,1.5755393505096436,1.4580714702606201
0.0,1.871201753616333,1.871201753616333,0.0,5.846485614776611,9.440735816955566,9.440735816955566,5.700620174407959,6.9838643074035645,9.994985580444336,9.994985580444336,3.9385197162628174,6.254001140594482,5.056431293487549,5.292179584503174,10.30963134765625,9.5632905960083,9.5632905960083,5.588979244232178,3.989966630935669,2.5319721698760986,1.500894546508789,0.6757972836494446,1.836435317993164,1.836435317993164,4.589545726776123,1.4580714702606201
1.158926248550415,1.2214655876159668,1.559661626815796,2.0614144802093506,2.0614144802093506,0.3858363628387451,11.384939193725586,11.384939193725586,8.626398086547852,9.994985580444336,13.46200180053711,3.8282766342163086,9.358461380004883,9.358461380004883,8.854825973510742,5.875382900238037,9.5632905960083,9.5632905960083,1.343885898590088,3.989966630935669,2.5319721698760986,3.0568552017211914,0.4845936894416809,0.7786188125610352,1.3752655982971191,4.589545726776123,4.044106960296631
2.316270351409912,2.316270351409912,1.5719056129455566,2.0614144802093506,2.0614144802093506,1.1311583518981934,0.0,6.353285789489746,8.626398086547852,2.0090317726135254,1.6813442707061768,3.6437125205993652,2.296844244003296,2.2915186882019043,8.854825973510742,4.6363091468811035,4.6363091468811035,0.0,1.4074993133544922,2.6740760803222656,2.6740760803222656,3.0568552017211914,0.7162739634513855,0.2899242341518402,0.2899242341518402,4.044106960296631,4.100489616394043
3.471156597137451,4.138116836547852,4.138116836547852,3.026862382888794,2.5122270584106445,1.5584063529968262,3.3628926277160645,3.6667704582214355,2.956340789794922,1.3890981674194336,1.6813442707061768,0.0,0.33272993564605713,0.33272993564605713,1.0951721668243408,0.0,0.0,2.949002504348755,2.949002504348755,2.6740760803222656,2.6740760803222656,1.4980628490447998,0.23515769839286804,1.6031556129455566,0.2899242341518402,1.5063965320587158,4.100489616394043
3.144176959991455,4.138116836547852,4.138116836547852,2.0233030319213867,2.5122270584106445,1.6363046169281006,0.09256413578987122,3.6667704582214355,2.956340789794922,1.3890981674194336,0.0,0.0,0.33272993564605713,0.33272993564605713,1.0951721668243408,0.0,0.0,1.3505070209503174,1.3505070209503174,0.4056848883628845,1.1312670707702637,4.19707727432251,3.80706787109375,2.453641891479492,2.453641891479492,0.46802985668182373,2.4017229080200195
2.582916498184204,2.582916498184204,2.0867464542388916,3.711522102355957,3.685570240020752,1.7255833148956299,1.6646664142608643,0.03169126808643341,1.0521888732910156,1.7817237377166748,1.7817237377166748,0.3050347864627838,0.3050347864627838,0.09500759840011597,0.0,0.0,0.0,0.0,0.2898390591144562,0.2898390591144562,0.32328104972839355,3.80706787109375,3.80706787109375,1.4430687427520752,2.7104485034942627,2.365253448486328,0.3569454550743103
0.6819031238555908,1.6203770637512207,2.0867464542388916,2.0237061977386475,2.0237061977386475,1.7255833148956299,1.6646664142608643,0.722089409828186,1.765425443649292,1.7817237377166748,1.7817237377166748,0.3050347864627838,0.3050347864627838,0.0,0.21695303916931152,0.019476428627967834,0.07875913381576538,0.1391316056251526,0.1391316056251526,0.29651567339897156,0.29651567339897156,0.0,0.6235824227333069,0.3138027489185333,1.8190603256225586,0.7643082141876221,0.6683716177940369
1.928330421447754,1.928330421447754,0.8572837710380554,0.26486411690711975,0.08545848727226257,0.6407955288887024,0.8808141350746155,2.70440673828125,5.6421051025390625,5.6421051025390625,1.692305326461792,1.692305326461792,0.27140936255455017,0.2872694432735443,0.29142656922340393,0.2471086084842682,1.7561655044555664,0.4935417175292969,0.1391316056251526,1.2885220050811768,0.8247349262237549,0.08707320690155029,0.0,0.18638288974761963,0.9349412322044373,1.41176176071167,1.41176176071167
1.928330421447754,1.928330421447754,1.3766100406646729,0.7479099631309509,1.3021643161773682,0.8697180151939392,0.8808141350746155,0.8683907389640808,5.6421051025390625,5.6421051025390625,2.408848762512207,3.2411978244781494,0.48287433385849,1.1126980781555176,1.6789534091949463,1.6789534091949463,3.023405075073242,3.023405075073242,2.0491461753845215,1.2885220050811768,0.476293683052063,0.476293683052063,0.26001498103141785,0.5580862164497375,1.6367201805114746,1.8974571228027344,1.8974571228027344
1.0343403816223145,0.5934348702430725,0.5990519523620605,0.7541875243186951,0.7541875243186951,0.8697180151939392,0.8697180151939392,0.602729082107544,0.35885292291641235,3.445296049118042,2.412122964859009,3.2411978244781494,2.6677932739257812,2.5692880153656006,1.6789534091949463,1.6789534091949463,1.1641950607299805,1.5637857913970947,2.0491461753845215,0.9348506331443787,0.48155248165130615,1.0066800117492676,0.7092350721359253,1.4438502788543701,1.4438502788543701,0.6637712121009827,1.4759039878845215
0.31778842210769653,0.46709758043289185,0.5419754981994629,0.5419754981994629,0.5688546895980835,0.6617673635482788,0.4976561665534973,0.19142639636993408,0.5956081748008728,6.743483543395996,6.743483543395996,4.0339765548706055,4.0339765548706055,4.571834564208984,4.246227741241455,2.471186399459839,2.366302490234375,1.5637857913970947,1.9483091831207275,0.7551903128623962,0.7154961228370667,0.04994288086891174,0.07840041816234589,1.4438502788543701,1.4438502788543701,0.18835607171058655,1.4759039878845215

Channel 43
3.6026151180267334,3.6026151180267334,1.4653375148773193,1.3462871313095093,2.7237603664398193,1.72079336643219,4.084383010864258,4.084383010864258,1.5767436027526855,6.204216003417969,7.946517467498779,6.561193466186523,2.7550437450408936,3.218790292739868,9.226299285888672,9.226299285888672,7.590007781982422,4.363592147827148,4.402864456176758,4.402864456176758,5.447901248931885,4.178121566772461,3.2263147830963135,3.2263147830963135,1.8469589948654175,2.3292312622070312,1.9086720943450928
2.4503064155578613,1.6499303579330444,2.078505277633667,1.666765809059143,1.8941402435302734,6.3949198722839355,5.029319763183594,1.1887482404708862,1.5767436027526855,6.204216003417969,7.946517467498779,6.561193466186523,4.4874958992004395,9.015028953552246,9.482894897460938,9.226299285888672,6.195742130279541,6.195742130279541,3.2323391437530518,4.083614826202393,5.447901248931885,4.178121566772461,3.2263147830963135,3.2263147830963135,1.661752462387085,2.3292312622070312,1.9086720943450928
2.2468953132629395,2.3950235843658447,2.078505277633667,4.630983352661133,4.89079475402832,3.528182029724121,5.33124303817749,2.93475079536438,4.3334574699401855,4.567041397094727,4.528633117675781,6.019529342651367,4.12756872177124,9.015028953552246,9.482894897460938,8.86138916015625,8.86138916015625,6.2855448722839355,6.2855448722839355,4.551466464996338,2.6010987758636475,6.929046630859375,6.929046630859375,2.8550100326538086,1.0745986700057983,2.1264898777008057,2.7020156383514404
2.359093189239502,2.3950235843658447,1.635523796081543,4.630983352661133,4.89079475402832,3.1329689025878906,3.7992076873779297,2.9614248275756836,4.3334574699401855,7.412981986999512,8.434473991394043,4.947046279907227,5.00968074798584,2.540215015411377,5.101472854614258,8.86138916015625,8.86138916015625,5.776258945465088,8.208701133728027,7.146871089935303,6.68975305557251,6.929046630859375,6.929046630859375,5.5944414138793945,5.504378795623779,2.1264898777008057,2.7020156383514404
2.359093189239502,1.5834754705429077,1.866451621055603,3.2263712882995605,3.2263712882995605,2.2727811336517334,3.7992076873779297,7.262841701507568,7.262841701507568,7.412981986999512,8.434473991394043,4.947046279907227,4.763899803161621,9.912099838256836,9.912099838256836,4.16053581237793,8.425923347473145,6.572759628295898,8.208701133728027,6.009432792663574,3.599802255630493,6.5126471519470215,10.097098350524902,6.688714027404785,5.504378795623779,1.5660966634750366,1.8746060132980347
3.5519216060638428,3.5519216060638428,2.810487985610962,0.8698450326919556,2.7969844341278076,5.431975364685059,5.431975364685059,7.262841701507568,7.262841701507568,2.7988526821136475,3.770305633544922,4.665825843811035,4.665825843811035,6.57039213180542,10.866601943969727,7.818671226501465,7.612919807434082,7.612919807434082,3.7175514698028564,6.18297815322876,6.18297815322876,6.5126471519470215,10.097098350524902,6.688714027404785,3.6922452449798584,1.875394582748413,0.6396436095237732
1.8853839635849,2.096745491027832,3.8430845737457275,3.8430845737457275,2.7969844341278076,3.263457775115967,0.13583523035049438,6.019756317138672,7.714873313903809,2.7988526821136475,3.770305633544922,4.665825843811035,4.665825843811035,6.57039213180542,10.866601943969727,7.818671226501465,7.612919807434082,7.612919807434082,1.8656785488128662,6.18297815322876,6.18297815322876,2.719332218170166,5.296777248382568,4.119874477386475,4.119874477386475,3.0025765895843506,1.9043524265289307
4.618724346160889,4.618724346160889,3.593264102935791,4.704432010650635,4.996076583862305,4.996076583862305,0.43545475602149963,0.13583523035049438,2.2162997722625732,4.623808860778809,2.706399440765381,7.582770347595215,7.582770347595215,3.6812336444854736,3.569092035293579,3.569092035293579,0.0,1.2631287574768066,3.4131414890289307,3.4131414890289307,0.8436613082885742,4.4118123054504395,3.9938697814941406,0.5228862762451172,0.0,2.65848708152771,2.65848708152771
4.618724346160889,4.618724346160889,2.732309341430664,4.704432010650635,4.996076583862305,4.996076583862305,4.129965782165527,4.057153224945068,6.223193168640137,6.223193168640137,2.706399440765381,7.582770347595215,7.582770347595215,5.700176239013672,5.527413845062256,1.915079116821289,4.366056442260742,4.364888668060303,4.139416217803955,3.4131414890289307,6.387784957885742,6.387784957885742,3.9938697814941406,0.11366184055805206,3.5978288650512695,4.644948959350586,2.65848708152771
3.376352548599243,3.3417599201202393,2.140019178390503,6.708604335784912,6.708604335784912,3.0931665897369385,4.129965782165527,0.9168826341629028,0.5365322828292847,3.268677234649658,5.706774711608887,5.706774711608887,3.483410358428955,5.700176239013672,5.527413845062256,1.915079116821289,4.366056442260742,5.517873287200928,5.263829231262207,3.4438436031341553,6.571831703186035,6.511090278625488,6.511090278625488,4.527856826782227,5.707245349884033,2.6222269535064697,3.7469770908355713
1.147679090499878,1.0683848857879639,1.0347754955291748,6.708604335784912,6.708604335784912,4.049057960510254,4.049057960510254,3.772066354751587,3.772066354751587,3.9281301498413086,5.706774711608887,5.706774711608887,0.6487758755683899,0.7227107286453247,1.139063835144043,0.8350314497947693,0.8350314497947693,0.0,0.0955677479505539,3.1776485443115234,3.1776485443115234,6.511090278625488,6.511090278625488,3.3422179222106934,2.913599729537964,1.4470373392105103,3.7469770908355713
1.147679090499878,1.6017873287200928,1.6017873287200928,1.0347754955291748,5.479550838470459,5.479550838470459,4.049057960510254,5.935934066772461,3.772066354751587,0.5106098055839539,2.082509756088257,2.743952751159668,2.3662638664245605,1.9472016096115112,5.158751010894775,5.158751010894775,1.5795884132385254,0.2805963158607483,0.2805963158607483,0.0,4.295840263366699,4.369916915893555,4.028306007385254,3.8298070430755615,3.8298070430755615,4.668018817901611,2.2896082401275635
1.1285758018493652,2.160048723220825,4.208935737609863,6.118929386138916,1.5253225564956665,1.775301456451416,1.775301456451416,1.6381497383117676,0.9396659135818481,2.1559994220733643,2.1559994220733643,2.9070968627929688,2.9070968627929688,2.8884453773498535,3.060746192932129,1.5880177021026611,1.0887514352798462,0.9425218105316162,4.005528450012207,8.756937980651855,8.3089017868042,6.925635814666748,6.156333923339844,4.753274917602539,8.042301177978516,8.042301177978516,3.213170289993286
3.977231979370117,2.160048723220825,4.208935737609863,2.7847108840942383,5.70781946182251,5.875360012054443,6.034402847290039,6.034402847290039,1.125833511352539,2.1559994220733643,2.2941091060638428,2.9070968627929688,2.9070968627929688,1.192673921585083,2.5220768451690674,1.6421964168548584,6.101264953613281,6.101264953613281,1.5032199621200562,1.5032199621200562,4.696811199188232,6.925635814666748,4.190341472625732,3.4292185306549072,8.042301177978516,8.042301177978516,3.213170289993286
1.6070141792297363,6.261035919189453,6.261035919189453,6.678880214691162,5.867774963378906,4.6414008140563965,1.285993218421936,2.654966354370117,3.2594685554504395,3.2594685554504395,3.5513484477996826,2.7918331623077393,2.7918331623077393,2.5522403717041016,3.038961410522461,3.038961410522461,1.276707649230957,2.5208423137664795,7.2880730628967285,6.749766826629639,7.0715861320495605,5.832085609436035,5.638265132904053,6.881174087524414,5.218250274658203,4.693008899688721,0.16411711275577545
1.6070141792297363,4.457427024841309,4.768863201141357,6.678880214691162,5.867774963378906,4.7865729331970215,5.9754509925842285,3.8268935680389404,3.900893211364746,2.8101096153259277,3.5513484477996826,3.3370845317840576,3.556396007537842,2.5522403717041016,3.038961410522461,3.038961410522461,10.534296035766602,10.534296035766602,7.511734962463379,6.749766826629639,7.720208644866943,8.085037231445312,8.085037231445312,6.881174087524414,5.218250274658203,4.693008899688721,2.901139259338379
4.529578685760498,2.8204638957977295,6.4667558670043945,5.75661563873291,5.75661563873291,4.7865729331970215,5.9754509925842285,3.9272282123565674,0.5076626539230347,9.769657135009766,11.390863418579102,7.789738178253174,8.833882331848145,8.833882331848145,8.484928131103516,12.076533317565918,10.246502876281738,9.488080024719238,7.511734962463379,15.21446418762207,15.21446418762207,7.720208644866943,6.007422924041748,7.139512538909912,1.1165852546691895,0.6356582045555115,2.901139259338379
5.975191116333008,5.253742694854736,6.4667558670043945,5.75661563873291,5.75661563873291,6.35082483291626,4.826196193695068,3.9272282123565674,7.1772003173828125,9.769657135009766,11.390863418579102,7.789738178253174,8.833882331848145,8.833882331848145,2.7613918781280518,5.9855875968933105,9.488080024719238,9.488080024719238,6.6847686767578125,3.072478771209717,5.789295196533203,7.548491954803467,3.01847505569458,0.0,0.6356582045555115,1.3300740718841553,1.5417009592056274
5.975191116333008,4.247860908508301,3.0929946899414062,1.7972345352172852,3.0829336643218994,6.66225004196167,6.66225004196167,6.232402324676514,7.1772003173828125,3.9678282737731934,4.612863540649414,7.700436592102051,7.700436592102051,4.380831241607666,4.207928657531738,3.0109636783599854,4.920431137084961,7.742191314697266,10.958206176757812,5.330471992492676,5.42572021484375,7.548491954803467,2.0409996509552,2.0409996509552,2.008652448654175,1.6732653379440308,1.6601001024246216
4.2655205726623535,5.799649238586426,4.854482650756836,3.8210651874542236,3.4741880893707275,6.66225004196167,6.66225004196167,6.232402324676514,7.2528157234191895,6.658846378326416,7.960158824920654,7.960158824920654,5.908402919769287,6.3758039474487305,6.3758039474487305,5.177364349365234,4.047832012176514,7.742191314697266,10.958206176757812,4.964544773101807,2.115419864654541,4.6475749015808105,2.6978890895843506,2.3968470096588135,2.3968470096588135,1.6732653379440308,1.6601001024246216
1.148410439491272,0.7732417583465576,2.0770890712738037,4.197673320770264,4.693797588348389,4.693797588348389,0.208380326628685,5.311048984527588,5.8336076736450195,1.0341533422470093,7.960158824920654,7.960158824920654,5.908402919769287,6.3758039474487305,6.3758039474487305,8.000214576721191,5.417839050292969,0.0,1.060980200767517,1.5941106081008911,2.115419864654541,4.6475749015808105,4.895875453948975,4.895875453948975,2.3968470096588135,1.546949028968811,0.8487526178359985
1.148410439491272,1.933207392692566,0.781623363494873,2.1786060333251953,4.693797588348389,4.693797588348389,1.4903849363327026,1.4903849363327026,1.3335762023925781,2.0001518726348877,3.205651044845581,4.629997730255127,5.249517917633057,5.249517917633057,2.7110321521759033,2.634049415588379,1.4867651462554932,1.9136312007904053,1.9136312007904053,1.5941106081008911,1.6945972442626953,1.6945972442626953,0.14479143917560577,2.5031065940856934,4.7320709228515625,4.7320709228515625,2.8091068267822266
6.867031097412109,6.867031097412109,2.5967345237731934,2.5967345237731934,1.4898139238357544,2.5040600299835205,0.8074947595596313,1.1498653888702393,4.34739351272583,1.7842477560043335,3.1589064598083496,4.629997730255127,2.685896873474121,2.2615718841552734,2.5194733142852783,0.6193647384643555,0.6193647384643555,1.9136312007904053,3.4386186599731445,3.4386186599731445,1.3971985578536987,1.2393841743469238,1.7985488176345825,2.3532214164733887,2.3532214164733887,1.2621484994888306,2.646925210952759
6.867031097412109,6.867031097412109,2.300455093383789,1.2082622051239014,1.078542709350586,0.8325564861297607,2.1447973251342773,2.8620245456695557,4.34739351272583,1.7842477560043335,1.388878345489502,2.0518226623535156,2.0518226623535156,0.662420392036438,0.8364339470863342,1.1207329034805298,3.329124927520752,1.417405605316162,3.4386186599731445,3.4386186599731445,2.1020429134368896,1.2393841743469238,1.2393841743469238,0.9496711492538452,2.940842628479004,1.3082419633865356,1.7090364694595337
1.788787603378296,2.2446415424346924,2.300455093383789,0.6821080446243286,0.1170249879360199,0.7229490280151367,2.1447973251342773,2.8620245456695557,2.8620245456695557,2.8373115062713623,1.6871435642242432,1.6871435642242432,0.5795563459396362,2.66507887840271,2.66507887840271,2.187603235244751,3.329124927520752,3.3998913764953613,3.3998913764953613,1.8354816436767578,0.6318807005882263,0.9983633756637573,1.2686842679977417,1.2686842679977417,0.514125406742096,1.2710739374160767,4.5895514488220215
1.788787603378296,2.2446415424346924,2.0380260944366455,1.4766863584518433,0.6933338046073914,0.7229490280151367,0.6515702605247498,0.5950373411178589,1.662416696548462,2.978443145751953,3.6290738582611084,3.6290738582611084,2.4261202812194824,2.66507887840271,2.66507887840271,4.168301105499268,6.890190601348877,3.9433279037475586,3.3998913764953613,0.8840641379356384,1.3565274477005005,1.3565274477005005,0.9983633756637573,0.06438840925693512,0.6627170443534851,4.246254920959473,4.5895514488220215
1.3537065982818604,1.4502812623977661,0.6580166220664978,0.3203465938568115,0.2750036418437958,0.19546906650066376,0.5950373411178589,0.5950373411178589,1.6842904090881348,3.832019329071045,3.832019329071045,3.6290738582611084,3.2200987339019775,4.006070613861084,6.01743221282959,4.168301105499268,6.890190601348877,3.98905611038208,4.880289554595947,3.118605136871338,3.118605136871338,4.909151554107666,6.98728609085083,6.98728609085083,3.4606621265411377,3.4606621265411377,0.8361592888832092

Channel 44
1.4850293397903442,1.4850293397903442,0.10896852612495422,0.7211133241653442,0.7211133241653442,0.0,0.42143306136131287,1.8305761814117432,1.8305761814117432,2.677870988845825,4.159102916717529,1.023705005645752,1.9970028400421143,0.17561057209968567,3.1700263023376465,2.5353317260742188,2.9487481117248535,2.021331548690796,3.607414722442627,3.607414722442627,0.16221341490745544,2.719162702560425,1.787503719329834,1.0219953060150146,1.0219953060150146,0.3768673241138458,2.759324550628662
0.0,0.8270919322967529,0.5835661888122559,0.94411301612854,1.2109720706939697,1.775587558746338,1.4836819171905518,1.8305761814117432,1.8305761814117432,2.677870988845825,4.159102916717529,2.562953233718872,1.1428720951080322,3.2428905963897705,3.1700263023376465,2.210442543029785,2.021331548690796,2.722139358520508,0.0,2.295680046081543,0.0,0.0,1.787503719329834,1.0219953060150146,1.0219953060150146,0.7645113468170166,0.6233888864517212
1.258266568183899,0.9118202924728394,1.4422719478607178,1.9797215461730957,1.9797215461730957,1.1854979991912842,0.41571518778800964,1.8451735973358154,1.8451735973358154,1.1621818542480469,2.1638619899749756,2.1638619899749756,2.132838249206543,3.2428905963897705,3.012378692626953,2.5665173530578613,2.5665173530578613,2.1825966835021973,0.5978662967681885,0.2417716085910797,0.01902472972869873,1.8062288761138916,0.9578322172164917,0.9523630142211914,0.9523630142211914,0.7645113468170166,0.3806873857975006
1.322698712348938,1.322698712348938,1.4422719478607178,1.9797215461730957,1.9797215461730957,0.9104795455932617,0.9104795455932617,1.8451735973358154,1.8451735973358154,3.3779335021972656,3.3779335021972656,2.0289251804351807,2.132838249206543,3.012378692626953,3.012378692626953,2.5665173530578613,2.5665173530578613,2.2410480976104736,2.2410480976104736,3.1506717205047607,3.1506717205047607,1.8062288761138916,0.12429013848304749,2.007538318634033,0.4581138789653778,0.8006765842437744,0.04351237416267395
1.322698712348938,1.322698712348938,0.8708351850509644,0.7352509498596191,0.7352509498596191,0.20612826943397522,0.5821905136108398,1.4190527200698853,1.4190527200698853,3.3779335021972656,3.3779335021972656,2.0289251804351807,1.4161124229431152,3.678309440612793,2.0874288082122803,2.42684006690979,2.42684006690979,2.2410480976104736,2.2410480976104736,0.09065273404121399,0.7328417301177979,1.5118860006332397,1.5118860006332397,2.007538318634033,0.3149546682834625,1.0732038021087646,1.1026859283447266
1.1792502403259277,2.1054842472076416,2.1054842472076416,0.0,0.5318372249603271,1.592315673828125,1.592315673828125,1.4190527200698853,1.4190527200698853,2.2599408626556396,2.2599408626556396,1.4853261709213257,1.7148778438568115,1.7866580486297607,2.515686511993408,1.5783413648605347,1.4839178323745728,2.10086727142334,1.8185322284698486,2.4179294109344482,2.4179294109344482,1.5118860006332397,1.5118860006332397,1.927140235900879,1.927140235900879,0.0,1.1026859283447266
0.25235697627067566,1.0937405824661255,1.6775190830230713,1.238451361656189,0.0006722509860992432,1.592315673828125,1.592315673828125,0.44376340508461,1.6222362518310547,2.2599408626556396,2.2599408626556396,1.4131507873535156,1.7148778438568115,1.7866580486297607,2.515686511993408,1.5783413648605347,1.4839178323745728,2.10086727142334,1.8185322284698486,2.4179294109344482,2.4179294109344482,0.43674275279045105,2.1701462268829346,1.927140235900879,2.7361199855804443,2.7361199855804443,0.0686560571193695
4.051079750061035,4.051079750061035,1.7178683280944824,1.7178683280944824,0.8112313747406006,0.8112313747406006,0.29982516169548035,0.18710407614707947,1.4120675325393677,1.2272577285766602,0.012432515621185303,2.1256377696990967,2.1256377696990967,0.34876981377601624,0.7958418130874634,0.7273592948913574,0.0,0.030000954866409302,0.030000954866409302,0.0,0.3665425479412079,0.3665425479412079,0.29183730483055115,1.303788661956787,0.0,0.0686560571193695,0.08134552836418152
4.051079750061035,4.051079750061035,1.7178683280944824,1.7178683280944824,0.8112313747406006,0.8112313747406006,1.5305078029632568,1.1128602027893066,1.977968454360962,1.977968454360962,0.0,2.1256377696990967,2.1256377696990967,1.9798827171325684,1.9798827171325684,1.2464370727539062,1.9371914863586426,1.9371914863586426,1.6016583442687988,1.6016583442687988,0.3665425479412079,1.1722792387008667,0.28061631321907043,0.0,2.5475902557373047,2.5475902557373047,0.6035821437835693
2.728252410888672,2.728252410888672,0.47340741753578186,1.7047343254089355,1.9970762729644775,0.843176007270813,1.1128602027893066,1.1128602027893066,0.06925362348556519,2.6475977897644043,2.6475977897644043,1.080618977546692,1.6633853912353516,1.9798827171325684,1.9798827171325684,1.5973200798034668,1.9371914863586426,1.9371914863586426,1.6016583442687988,1.6016583442687988,1.0888420343399048,1.5194271802902222,1.5194271802902222,1.3041061162948608,3.2812960147857666,3.2812960147857666,0.9304485321044922
0.9998810291290283,1.558406949043274,4.510761737823486,1.7047343254089355,1.9970762729644775,1.0794594287872314,0.426873117685318,0.9753404855728149,0.0,2.6475977897644043,2.6475977897644043,0.854708194732666,2.0192856788635254,2.0192856788635254,0.7353496551513672,1.5973200798034668,1.1777898073196411,1.1346673965454102,0.20398148894309998,0.0,1.1291214227676392,1.5194271802902222,2.314856767654419,0.9711486101150513,1.0352270603179932,2.6591389179229736,0.9304485321044922
0.9998810291290283,1.6542773246765137,4.510761737823486,0.35455164313316345,1.0794594287872314,1.0794594287872314,0.7768228054046631,2.4861466884613037,2.2147774696350098,0.6921130418777466,0.6921130418777466,2.068647861480713,0.7123631238937378,0.9502257108688354,2.5735321044921875,2.5735321044921875,1.7111988067626953,1.7111988067626953,0.3876740634441376,0.3876740634441376,1.1291214227676392,1.1291214227676392,0.39094242453575134,0.38001975417137146,3.5898194313049316,3.5898194313049316,0.4368240535259247
0.30349186062812805,1.6542773246765137,2.0005037784576416,1.7905569076538086,0.9878833293914795,0.12715443968772888,0.0,0.28166869282722473,0.28166869282722473,0.8130009174346924,0.8594704866409302,2.068647861480713,0.7123631238937378,0.7123631238937378,0.4586506187915802,0.22132864594459534,1.0723505020141602,1.0731641054153442,1.520628809928894,2.413045644760132,2.412203073501587,2.412203073501587,1.5423328876495361,0.4001404941082001,1.2922096252441406,1.2922096252441406,0.5685136318206787
2.1259725093841553,2.1259725093841553,1.7905569076538086,1.7905569076538086,1.0542831420898438,1.1360315084457397,0.7525539398193359,0.7525539398193359,0.0,0.7093900442123413,0.8594704866409302,1.060412049293518,0.0,0.7433310747146606,1.9671313762664795,0.6380003690719604,2.7842936515808105,2.7842936515808105,0.45368602871894836,0.7274894714355469,2.412203073501587,2.412203073501587,1.5423328876495361,3.4283461570739746,3.4283461570739746,1.2922096252441406,0.5685136318206787
5.862265586853027,5.862265586853027,2.6564085483551025,2.6481640338897705,0.0,1.1360315084457397,0.26253029704093933,1.4383156299591064,2.2111215591430664,0.00219687819480896,0.06144571304321289,2.2523319721221924,3.2665538787841797,1.320601463317871,1.9671313762664795,1.1791638135910034,0.5961513519287109,0.9191967248916626,1.4925193786621094,2.2059171199798584,2.766317844390869,1.4050451517105103,1.881657600402832,3.4283461570739746,3.4283461570739746,0.46537747979164124,0.4007103741168976
1.7332468032836914,7.615543842315674,3.4617841243743896,2.6481640338897705,3.3209540843963623,2.7457075119018555,2.7457075119018555,1.4383156299591064,2.6056435108184814,1.992002248764038,0.06144571304321289,1.643038034439087,3.2665538787841797,1.320601463317871,0.35645976662635803,0.35645976662635803,1.1826094388961792,2.0041301250457764,1.790536880493164,1.7517266273498535,2.766317844390869,0.7021249532699585,1.0476831197738647,2.585261344909668,1.2660911083221436,1.082749366760254,0.0
2.069612741470337,3.2731637954711914,3.501136541366577,2.5181965827941895,3.3209540843963623,2.7457075119018555,2.7457075119018555,1.809887170791626,0.7270569801330566,2.511256456375122,3.769242763519287,0.3533606231212616,1.8981506824493408,1.8981506824493408,1.8041496276855469,2.396486520767212,2.396486520767212,2.356001377105713,1.7674825191497803,2.7625627517700195,2.7625627517700195,0.8616588115692139,1.7878751754760742,2.6618824005126953,2.6618824005126953,1.276660680770874,0.20197716355323792
2.069612741470337,1.9831230640411377,3.88200044631958,3.88200044631958,3.1583364009857178,3.543057441711426,1.809887170791626,2.4992735385894775,2.4992735385894775,2.511256456375122,3.769242763519287,2.7786080837249756,2.7786080837249756,1.8981506824493408,2.283223867416382,2.6873178482055664,2.6873178482055664,2.356001377105713,1.7674825191497803,0.617404580116272,1.8323595523834229,4.677923202514648,2.4099767208099365,1.7878751754760742,0.09088942408561707,1.3289119005203247,1.3289119005203247
0.8920601606369019,0.7847241163253784,1.949018955230713,3.2064623832702637,6.543979167938232,7.4932780265808105,3.371352195739746,3.371352195739746,1.8748762607574463,1.849440336227417,3.0886900424957275,3.0886900424957275,2.7786080837249756,0.0,1.99015474319458,2.6873178482055664,2.6873178482055664,2.874995470046997,2.874995470046997,4.3705010414123535,4.3705010414123535,4.677923202514648,2.4099767208099365,0.11170420050621033,0.205282062292099,0.9779677391052246,0.9779677391052246
0.6511056423187256,1.6885490417480469,1.6885490417480469,1.6406986713409424,6.543979167938232,7.4932780265808105,3.371352195739746,6.983113765716553,9.200614929199219,9.200614929199219,3.582505226135254,3.582505226135254,4.584542274475098,5.023299694061279,0.3835923373699188,1.8150043487548828,1.7610678672790527,4.043212413787842,2.948228359222412,0.14809367060661316,1.3305431604385376,1.5713340044021606,1.5713340044021606,2.1407952308654785,2.1407952308654785,0.5872691869735718,0.5872691869735718
2.5539803504943848,0.31561359763145447,0.870132565498352,2.0255014896392822,0.6084002256393433,0.0,0.430022269487381,4.718260288238525,9.200614929199219,9.200614929199219,3.582505226135254,3.582505226135254,4.584542274475098,5.023299694061279,2.6365089416503906,2.6365089416503906,0.0,0.2238577902317047,0.45652809739112854,0.45652809739112854,1.0660936832427979,2.1251823902130127,1.4598594903945923,2.1407952308654785,2.1407952308654785,0.688349723815918,0.8335616588592529
2.5539803504943848,0.8615795373916626,0.7236944437026978,0.0,1.0333501100540161,0.7964458465576172,0.3028745949268341,0.39504578709602356,3.070167064666748,2.3113811016082764,3.0616023540496826,1.5318641662597656,1.5116060972213745,1.6652016639709473,0.03764134645462036,0.0,0.0,1.8701348304748535,0.45652809739112854,0.45652809739112854,1.6975879669189453,1.6975879669189453,0.6130701303482056,1.3691158294677734,2.7000255584716797,1.0082341432571411,0.9074611663818359
0.05759996175765991,1.1673517227172852,1.1673517227172852,0.0,1.0333501100540161,1.0655956268310547,1.0713471174240112,2.4704761505126953,3.070167064666748,2.3113811016082764,3.0616023540496826,1.5318641662597656,1.4180939197540283,0.0,0.0,0.0,0.20850160717964172,1.8701348304748535,0.41886773705482483,0.08201214671134949,0.0,0.6130701303482056,0.8371316194534302,0.0,0.0,0.2707028090953827,0.7514239549636841
0.2460935413837433,1.3130276203155518,1.3130276203155518,0.13529863953590393,0.21310821175575256,0.1258309781551361,1.0713471174240112,2.4704761505126953,5.046029090881348,5.046029090881348,1.3512446880340576,1.3512446880340576,0.0,0.0,0.0,0.0,1.5055633783340454,0.20850160717964172,0.05864614248275757,0.06121835112571716,0.06121835112571716,0.008393794298171997,0.8371316194534302,0.7650313377380371,0.687219500541687,1.727081298828125,1.727081298828125
3.0914299488067627,3.0914299488067627,1.3130276203155518,0.07886984944343567,0.6507940292358398,0.1258309781551361,0.5641944408416748,0.5480715036392212,5.046029090881348,5.046029090881348,3.9882850646972656,1.3512446880340576,0.0,0.0,0.09564366936683655,0.0,1.5055633783340454,0.9567124843597412,0.5120885372161865,0.5120885372161865,0.0,0.12600842118263245,0.12600842118263245,0.29911306500434875,0.29911306500434875,1.1248971223831177,1.1248971223831177
3.0914299488067627,3.0914299488067627,0.30373695492744446,0.0,1.1003093719482422,1.1003093719482422,0.2808680236339569,1.9094460010528564,1.9094460010528564,4.942310810089111,4.40090799331665,4.0167927742004395,2.7489442825317383,2.864264965057373,2.864264965057373,3.846846103668213,3.846846103668213,1.966341495513916,1.966341495513916,0.5120885372161865,0.0,0.12600842118263245,0.12600842118263245,0.29911306500434875,0.29911306500434875,1.1248971223831177,1.3458935022354126
0.8449513912200928,0.9220188856124878,0.7800945043563843,0.0,0.0,0.2808680236339569,0.2808680236339569,1.9094460010528564,1.9094460010528564,2.617581605911255,4.0167927742004395,4.602989196777344,5.334322452545166,5.334322452545166,3.5398778915405273,3.846846103668213,3.846846103668213,0.9250231981277466,0.37251755595207214,1.1181881427764893,1.1386972665786743,1.1386972665786743,0.0,0.15890005230903625,0.9818233251571655,0.0,2.793184280395508

Channel 45
1.5035109519958496,0.2668297290802002,0.0,0.6645536422729492,5.267518520355225,0.0,4.778094291687012,6.237852096557617,6.237852096557617,8.408828735351562,8.408828735351562,6.040730953216553,5.685447692871094,2.6343202590942383,4.518069744110107,5.762551784515381,7.285447120666504,2.21085786819458,1.9865007400512695,2.493112564086914,2.4308180809020996,0.9065690040588379,1.5863533020019531,1.5863533020019531,1.4133720397949219,1.4373540878295898,3.306849479675293
0.0,0.0,0.0,0.0,0.0,4.4998297691345215,4.4998297691345215,6.237852096557617,6.319699287414551,3.55336332321167,6.788485527038574,6.040730953216553,2.6343202590942383,6.738476753234863,6.738476753234863,5.762551784515381,3.0216827392578125,2.6764798164367676,0.421018123626709,6.27724552154541,6.27724552154541,2.3758139610290527,2.3758139610290527,3.4373950958251953,3.4373950958251953,0.5314693450927734,0.0
4.543659687042236,4.543659687042236,3.756225109100342,2.7181625366210938,2.301389217376709,6.856209754943848,6.856209754943848,0.0,8.179519653320312,5.632707595825195,5.880066394805908,6.701107025146484,0.0,6.738476753234863,6.738476753234863,5.574514389038086,9.027236938476562,5.595592498779297,5.595592498779297,3.5834975242614746,3.5834975242614746,4.381911277770996,4.381911277770996,3.4373950958251953,3.4373950958251953,0.5314693450927734,0.0
4.543659687042236,4.543659687042236,3.756225109100342,2.7181625366210938,2.301389217376709,0.41377973556518555,3.5569934844970703,0.5453934669494629,8.179519653320312,7.107871055603027,7.107871055603027,4.877974033355713,4.154910087585449,4.532990455627441,6.490578651428223,5.574514389038086,9.027236938476562,3.251932144165039,7.400167465209961,8.565104484558105,8.565104484558105,4.381911277770996,4.381911277770996,5.120667457580566,5.120667457580566,1.1191844940185547,0.0
0.9687304496765137,1.251291275024414,2.7078423500061035,0.0,2.1380133628845215,0.0,0.0,8.964605331420898,8.964605331420898,7.107871055603027,7.107871055603027,4.877974033355713,4.154910087585449,9.343881607055664,9.343881607055664,0.0,8.343622207641602,3.251932144165039,7.400167465209961,0.0,6.321776390075684,9.603899955749512,9.603899955749512,5.120667457580566,5.120667457580566,3.552999973297119,3.552999973297119
1.2122151851654053,3.675509452819824,6.006253242492676,0.0,0.0,3.9447059631347656,3.5933427810668945,8.964605331420898,8.964605331420898,2.183621883392334,2.183621883392334,3.6862096786499023,5.906400203704834,0.6945030689239502,8.466805458068848,4.99904203414917,7.050320625305176,7.050320625305176,0.19332218170166016,6.344688415527344,6.344688415527344,9.603899955749512,9.603899955749512,4.824460983276367,5.157560348510742,0.0,2.055109977722168
1.2122151851654053,0.44629955291748047,2.118298053741455,2.118298053741455,0.0,3.9447059631347656,1.2921431064605713,0.0,10.23758316040039,2.183621883392334,3.5998668670654297,2.870967388153076,5.906400203704834,0.6945030689239502,8.466805458068848,4.99904203414917,7.050320625305176,7.050320625305176,0.19332218170166016,6.344688415527344,6.344688415527344,0.0,4.321854114532471,4.321854114532471,5.157560348510742,6.085536003112793,0.0
8.18142318725586,8.18142318725586,1.9008219242095947,3.4467344284057617,6.986396789550781,6.986396789550781,0.0,0.0,1.5925774574279785,1.5925774574279785,0.0,7.27094841003418,7.27094841003418,0.0,2.7517476081848145,2.378958225250244,0.0,0.0,0.3295466899871826,0.17397594451904297,0.0,3.086483955383301,4.321854114532471,4.321854114532471,0.0,1.6394219398498535,1.6394219398498535
8.18142318725586,8.18142318725586,0.47839784622192383,3.4467344284057617,6.986396789550781,6.986396789550781,4.066527366638184,0.2403414249420166,6.876958847045898,6.876958847045898,0.0,7.27094841003418,7.27094841003418,4.328385829925537,4.328385829925537,0.0,4.124851226806641,4.124851226806641,2.428572177886963,2.1658401489257812,7.479527473449707,7.479527473449707,0.0,0.0,2.6858935356140137,2.6858935356140137,1.6394219398498535
6.60215950012207,6.60215950012207,1.5458667278289795,3.1744136810302734,8.418539047241211,0.0,4.066527366638184,0.22220516204833984,0.0,0.0,2.5966944694519043,2.563164710998535,0.0,4.328385829925537,4.328385829925537,0.0,4.124851226806641,6.570644378662109,5.654413223266602,0.0,7.0027008056640625,5.694101810455322,5.694101810455322,4.9593505859375,4.9593505859375,5.967623233795166,5.967623233795166
3.0589842796325684,2.552879810333252,0.0,3.1744136810302734,8.418539047241211,3.2633442878723145,0.0,1.9658896923065186,1.9658896923065186,0.0,2.749037742614746,2.563164710998535,0.0,0.0,0.0,0.04891073703765869,0.0,0.0,0.0,0.0,2.345900535583496,5.694101810455322,5.792368412017822,4.515456676483154,4.515456676483154,5.967623233795166,5.967623233795166
3.0589842796325684,2.552879810333252,3.262354850769043,0.0,0.0797586441040039,7.400838851928711,0.0,7.534597396850586,3.720874309539795,0.0,0.0,1.106456995010376,1.106456995010376,0.97776198387146,0.748981237411499,3.988898277282715,0.0,0.0,0.0,0.0,2.345900535583496,2.407928466796875,0.0,0.0,1.1995515823364258,4.59796667098999,4.59796667098999
2.159114360809326,0.9168152809143066,9.711549758911133,9.711549758911133,0.0,0.0,0.0,0.0,0.0,0.6065013408660889,0.6065013408660889,1.4323561191558838,1.106456995010376,0.97776198387146,0.6686286926269531,0.33071112632751465,0.1957252025604248,0.1957252025604248,5.232262134552002,5.232262134552002,4.989108562469482,6.029346466064453,2.295959949493408,1.0580222606658936,3.6417183876037598,4.74309778213501,0.09255623817443848
6.475771903991699,6.475771903991699,9.711549758911133,9.711549758911133,4.122554302215576,4.122554302215576,6.364165306091309,6.364165306091309,4.594507217407227,4.594507217407227,0.5688378810882568,1.4323561191558838,0.30201125144958496,0.0812373161315918,2.940518379211426,2.940518379211426,4.374147891998291,4.374147891998291,0.0,0.41176939010620117,0.0,6.029346466064453,2.565389633178711,6.3187055587768555,6.3187055587768555,4.74309778213501,0.08107733726501465
3.569894313812256,3.6344919204711914,3.743405818939209,5.568617343902588,1.463841438293457,3.7318849563598633,2.9893970489501953,2.9893970489501953,1.765275239944458,7.711601257324219,7.711601257324219,3.400228977203369,3.400228977203369,0.0,2.940518379211426,2.940518379211426,0.0,0.0,8.272577285766602,8.840324401855469,8.840324401855469,5.42230749130249,5.42230749130249,6.3187055587768555,6.3187055587768555,2.6876111030578613,0.0
0.29544568061828613,5.007217884063721,3.0485644340515137,5.568617343902588,3.942361831665039,3.942361831665039,4.6956353187561035,0.18024849891662598,6.701223373413086,7.711601257324219,7.711601257324219,1.9828848838806152,2.3505396842956543,0.9843521118164062,1.4554674625396729,1.4554674625396729,7.192288398742676,7.192288398742676,11.246235847473145,8.840324401855469,8.840324401855469,0.3364543914794922,3.1112422943115234,5.213140964508057,8.700124740600586,0.0,0.0
2.047661542892456,2.047661542892456,3.2824597358703613,4.185860633850098,4.185860633850098,3.942361831665039,5.5644378662109375,5.5644378662109375,0.0,6.813180923461914,7.168107986450195,1.9828848838806152,7.674952507019043,7.674952507019043,5.452111721038818,9.024857521057129,6.354985237121582,6.979501724243164,11.246235847473145,7.95970344543457,6.8736467361450195,3.1921544075012207,2.2887744903564453,3.242190361022949,3.242190361022949,1.0500378608703613,1.0500378608703613
4.788893699645996,3.975893497467041,3.975893497467041,4.185860633850098,4.185860633850098,3.310201644897461,5.804286479949951,5.804286479949951,4.33249044418335,6.813180923461914,7.168107986450195,5.542502403259277,7.674952507019043,7.674952507019043,1.4294052124023438,10.126238822937012,10.126238822937012,6.979501724243164,4.341135501861572,0.0,3.1921544075012207,4.2144389152526855,2.196627616882324,0.0,0.0,1.3650355339050293,1.3650355339050293
4.788893699645996,2.1459741592407227,1.6894516944885254,0.8255040645599365,3.388993263244629,5.181908130645752,2.6215524673461914,1.0770058631896973,4.33249044418335,4.102929592132568,4.286365985870361,5.542502403259277,5.426342964172363,0.0,1.3734617233276367,1.362809658050537,3.3932533264160156,1.7716870307922363,3.452220916748047,7.963936805725098,7.963936805725098,4.2144389152526855,2.886643886566162,0.0,0.0,0.6545493602752686,0.8709149360656738
2.1044740676879883,6.217442512512207,6.217442512512207,2.2589950561523438,3.2017130851745605,5.181908130645752,2.6215524673461914,11.607028007507324,11.607028007507324,2.285515308380127,4.286365985870361,4.286365985870361,1.8949851989746094,2.364083766937256,2.364083766937256,2.213207244873047,1.4934852123260498,4.006685733795166,4.006685733795166,0.0,0.0,2.9339661598205566,2.886643886566162,3.346614360809326,3.346614360809326,0.6545493602752686,0.13628029823303223
2.1044740676879883,1.2722342014312744,5.288156032562256,3.15330171585083,3.2017130851745605,3.2017130851745605,2.228074073791504,11.607028007507324,11.607028007507324,3.1565046310424805,3.3187475204467773,2.169114589691162,1.8949851989746094,2.364083766937256,2.364083766937256,4.173966884613037,0.0,0.0,0.0,0.0,0.0,5.433314323425293,5.433314323425293,3.671790599822998,3.346614360809326,0.0,0.0007467269897460938
1.2722342014312744,1.2722342014312744,3.15330171585083,3.15330171585083,0.2311549186706543,0.2311549186706543,2.296372413635254,1.1919028759002686,3.187894344329834,3.187894344329834,1.1187844276428223,0.04242384433746338,0.49219727516174316,0.49219727516174316,0.0,0.0,0.0,0.0,0.0,0.24610471725463867,0.0,0.0,0.0,0.0,6.611703872680664,6.611703872680664,0.0
0.9735691547393799,0.6413824558258057,0.09133291244506836,0.09133291244506836,0.0,0.0,0.0,1.201869010925293,3.528477668762207,1.4291784763336182,1.1187844276428223,0.0,0.0,0.0,0.0,0.0,0.0,1.349142074584961,0.0,0.0,0.0,0.3532981872558594,2.6328372955322266,0.0,0.0,1.0528843402862549,1.0528843402862549
0.9735691547393799,0.49333786964416504,0.49333786964416504,0.0,0.0,0.0,0.0,1.201869010925293,6.3709564208984375,6.146894454956055,1.7968740463256836,1.7968740463256836,0.0,0.0,0.0,0.0,1.825413465499878,1.349142074584961,4.089266777038574,0.0,0.1612706184387207,0.3532981872558594,0.3532981872558594,1.8308439254760742,1.1626207828521729,1.1208646297454834,2.6357903480529785
0.0,0.49333786964416504,0.49333786964416504,0.0,0.0,0.0,0.0,0.0,0.0,6.146894454956055,5.610970973968506,3.7627110481262207,0.0,0.0,0.5948197841644287,1.0338938236236572,1.825413465499878,1.0087394714355469,0.0,0.0,0.0,2.05863356590271,0.0,0.0,0.16356635093688965,0.16356635093688965,4.408003807067871
0.17468667030334473,0.5247795581817627,0.0,0.0,0.0,0.0,0.0,0.0,0.0,5.610970973968506,5.610970973968506,4.630841255187988,4.630841255187988,1.7846112251281738,0.5948197841644287,4.457308292388916,4.457308292388916,2.798064708709717,2.5273213386535645,0.0,0.0,2.05863356590271,0.0,0.0,0.04990208148956299,0.827972412109375,4.408003807067871
0.0,1.0859274864196777,1.0859274864196777,0.0,0.0,0.0,0.0,0.19990873336791992,1.716953992843628,4.1888532638549805,4.31669282913208,4.630841255187988,4.630841255187988,2.0019733905792236,3.7696127891540527,4.457308292388916,4.457308292388916,4.533554553985596,4.533554553985596,1.203583002090454,1.203583002090454,0.6617045402526855,0.0,0.0,0.0,0.827972412109375,3.3618645668029785

Channel 46
0.0,0.023207902908325195,0.023207902908325195,0.0,0.0,0.049483656883239746,0.049483656883239746,1.4773449897766113,1.4773449897766113,1.1008272171020508,1.7270820140838623,0.0,3.4823241233825684,3.4823241233825684,1.7609808444976807,3.8234267234802246,3.8234267234802246,1.0522878170013428,0.8529262542724609,1.342933177947998,1.342933177947998,0.2568773031234741,0.0,0.9780511856079102,0.0,0.0,0.0
0.0,0.0,0.0,0.0,0.0,0.049483656883239746,0.049483656883239746,1.4773449897766113,1.4773449897766113,1.3903367519378662,2.427246570587158,3.5934948921203613,2.1528961658477783,2.442216396331787,4.337655544281006,3.8221750259399414,2.9493227005004883,1.563960075378418,1.411787986755371,2.273315906524658,2.273315906524658,0.0,0.0,0.0,0.0,0.0,0.0
0.0,0.0,0.0,0.0,0.0,0.847235918045044,0.847235918045044,0.42593681812286377,1.1319606304168701,1.3614373207092285,2.652540683746338,3.5934948921203613,1.87266206741333,3.8937859535217285,3.8937859535217285,3.1391124725341797,3.1391124725341797,1.5722107887268066,1.411787986755371,2.3979876041412354,2.273315906524658,2.050462484359741,2.348203659057617,0.9966592788696289,0.0,0.0,0.0
0.0,0.0,0.0,0.0,0.0,0.512518048286438,1.2221732139587402,0.42593681812286377,0.42593681812286377,2.7858285903930664,2.7858285903930664,3.8914804458618164,3.8914804458618164,3.3499250411987305,3.149756908416748,3.1391124725341797,3.1391124725341797,2.548275947570801,2.548275947570801,2.7766594886779785,2.5989298820495605,2.050462484359741,0.9966592788696289,1.82161545753479,0.0,0.0,0.0
0.0,0.1257086992263794,0.0,0.0,0.0,1.3454830646514893,1.3454830646514893,2.835967540740967,2.835967540740967,2.7858285903930664,2.7858285903930664,2.0379693508148193,1.5214738845825195,4.251828670501709,1.274656057357788,1.1287546157836914,2.0618231296539307,2.548275947570801,2.548275947570801,2.5989298820495605,2.5989298820495605,1.8113532066345215,2.1828126907348633,1.82161545753479,1.0744907855987549,0.0,0.0
0.0,0.1257086992263794,0.0,0.0,0.0,3.3114566802978516,1.3454830646514893,2.835967540740967,3.688544273376465,2.2288975715637207,2.2288975715637207,4.102129936218262,4.102129936218262,2.337251901626587,3.730787754058838,1.466017484664917,3.696470260620117,3.696470260620117,1.7758526802062988,4.60575532913208,4.60575532913208,1.8113532066345215,2.689362049102783,1.6012425422668457,4.520486831665039,0.0,0.0
0.0,0.0,0.19679737091064453,0.0,0.0,2.1495375633239746,0.0,1.3296175003051758,3.688544273376465,2.2288975715637207,2.2288975715637207,3.691659450531006,3.691659450531006,2.337251901626587,2.337251901626587,1.047393560409546,3.696470260620117,3.696470260620117,1.0783309936523438,3.9141407012939453,3.9141407012939453,0.0,3.9988465309143066,3.9988465309143066,4.520486831665039,0.0,0.0
0.17512059211730957,0.17512059211730957,1.0723302364349365,1.0723302364349365,1.4776318073272705,1.4776318073272705,1.0358929634094238,1.0358929634094238,3.961480140686035,3.961480140686035,0.17349421977996826,2.341827392578125,2.341827392578125,1.5673999786376953,2.0143308639526367,1.047393560409546,2.020524263381958,5.528440475463867,5.528440475463867,1.0783309936523438,3.739384174346924,3.739384174346924,3.9988465309143066,3.9988465309143066,1.6051640510559082,3.211535930633545,1.2754077911376953
0.17512059211730957,0.17512059211730957,1.0723302364349365,1.0723302364349365,1.4776318073272705,1.4776318073272705,3.5627079010009766,1.0358929634094238,3.961480140686035,3.961480140686035,0.6795320510864258,1.6099016666412354,1.0253973007202148,4.19750452041626,2.055961847305298,0.018942594528198242,5.724573135375977,5.724573135375977,5.528440475463867,1.301123857498169,4.115520477294922,4.115520477294922,1.743114948272705,1.743114948272705,5.382812976837158,5.382812976837158,1.2754077911376953
0.0,0.0,0.0,3.444626808166504,3.444626808166504,0.5384469032287598,2.2180161476135254,0.0,0.23178303241729736,2.12652325630188,3.426358699798584,0.7195806503295898,1.0253973007202148,4.19750452041626,0.302270770072937,0.23394381999969482,5.019922733306885,5.019922733306885,0.5760300159454346,2.6968891620635986,2.854964256286621,4.120328426361084,5.6343536376953125,5.793221950531006,5.793221950531006,5.382812976837158,0.0
0.0,0.0,0.0,3.444626808166504,3.444626808166504,3.0394673347473145,1.5775587558746338,4.75042200088501,1.6863501071929932,2.12652325630188,3.426358699798584,1.6455564498901367,1.6455564498901367,1.3841893672943115,1.5804286003112793,1.8265409469604492,1.1288294792175293,1.7789881229400635,0.39905524253845215,1.4641387462615967,2.4742517471313477,4.67218017578125,4.67218017578125,5.793221950531006,5.793221950531006,3.3611607551574707,1.351147174835205
0.0,0.0,1.9255096912384033,0.6934536695480347,2.609379529953003,3.0394673347473145,1.9749970436096191,4.75042200088501,1.2551906108856201,1.2551906108856201,1.1433966159820557,1.9719116687774658,1.697913408279419,1.2753992080688477,1.5804286003112793,2.2958672046661377,0.0,0.3469599485397339,1.0150799751281738,3.217348575592041,2.908723831176758,2.4742517471313477,3.762834072113037,3.762834072113037,3.3611607551574707,3.3611607551574707,1.351147174835205
0.18216705322265625,0.07587730884552002,2.2828738689422607,1.5721731185913086,2.127991199493408,2.882126808166504,1.3154373168945312,1.322394847869873,1.2551906108856201,2.587151288986206,2.587151288986206,1.4602317810058594,1.2753992080688477,1.2753992080688477,3.241107940673828,3.241107940673828,4.212019920349121,4.212019920349121,2.900277614593506,3.217348575592041,3.0445380210876465,3.2430801391601562,3.762834072113037,3.762834072113037,4.126977920532227,4.126977920532227,0.0
1.176109790802002,1.176109790802002,1.0482144355773926,1.0482144355773926,5.0142364501953125,5.0142364501953125,1.2503271102905273,1.6025962829589844,3.742173194885254,3.137045383453369,1.8760268688201904,5.491013050079346,5.491013050079346,1.4191992282867432,4.31173849105835,3.241107940673828,4.212019920349121,4.212019920349121,1.9527487754821777,2.1354386806488037,3.8584156036376953,5.35784387588501,5.35784387588501,4.140789985656738,4.140789985656738,4.126977920532227,0.0
1.965622901916504,3.063471794128418,1.6475567817687988,4.182583808898926,3.081240177154541,3.081240177154541,1.8202803134918213,5.128770351409912,5.128770351409912,3.137045383453369,2.9830894470214844,6.262388706207275,6.262388706207275,1.2216527462005615,4.31173849105835,0.0,2.422581911087036,3.124666213989258,2.771792411804199,7.001000881195068,7.001000881195068,5.35784387588501,5.35784387588501,4.613138198852539,4.140789985656738,1.7418549060821533,0.0
0.27294301986694336,3.063471794128418,1.9295423030853271,4.182583808898926,3.8772735595703125,4.401020526885986,2.293182611465454,5.128770351409912,5.128770351409912,2.9830894470214844,2.9830894470214844,4.335691452026367,4.335691452026367,0.49147963523864746,2.295745849609375,4.123256206512451,3.656486988067627,3.656486988067627,3.1464920043945312,4.674577713012695,4.834142684936523,5.356950283050537,4.613138198852539,4.613138198852539,3.907118320465088,0.0,0.0
0.2227156162261963,1.9559743404388428,2.0119314193725586,1.2112579345703125,3.8772735595703125,3.3272337913513184,4.215525150299072,4.215525150299072,2.098240613937378,3.7966957092285156,4.331157207489014,1.975881814956665,2.922183036804199,3.272294044494629,3.272294044494629,4.579741954803467,4.300484657287598,5.018251419067383,3.1464920043945312,4.674577713012695,4.834142684936523,4.43274450302124,1.991004467010498,1.7847094535827637,0.37114787101745605,0.0,0.0
0.0,1.9559743404388428,2.0119314193725586,1.8718316555023193,3.483212471008301,3.483212471008301,4.2679572105407715,4.2679572105407715,4.354562759399414,3.7966957092285156,3.7966957092285156,5.069333076477051,4.099308490753174,2.7201426029205322,2.5360498428344727,4.370197772979736,4.370197772979736,4.300484657287598,3.5631608963012695,1.9583849906921387,3.7163352966308594,3.7163352966308594,2.1569552421569824,0.0,0.0,0.22447919845581055,0.22447919845581055
0.6186165809631348,0.6186165809631348,0.3585718870162964,0.8424711227416992,2.4904463291168213,3.180445671081543,0.9185049533843994,0.7682949304580688,4.650439739227295,4.404010772705078,3.4990596771240234,5.069333076477051,4.758692264556885,4.758692264556885,2.5360498428344727,1.7897686958312988,3.124044895172119,2.6001577377319336,2.514887571334839,2.3297317028045654,0.9064393043518066,0.30490314960479736,0.30490314960479736,0.0,0.0,0.0,0.0
0.0,0.18075108528137207,0.5683388710021973,0.0,2.4904463291168213,3.180445671081543,0.18697047233581543,2.8911290168762207,4.650439739227295,4.404010772705078,3.885995388031006,5.691113471984863,2.672637462615967,2.672637462615967,0.437480092048645,4.21301794052124,4.21301794052124,2.514887571334839,2.514887571334839,0.0,0.0,0.75374436378479,0.2950294017791748,0.0,0.0,0.0,0.0
0.0,0.0,0.5683388710021973,2.0917694568634033,2.0917694568634033,0.18697047233581543,0.18697047233581543,2.8911290168762207,3.839694023132324,7.6853108406066895,1.5013628005981445,2.603146553039551,4.149707794189453,4.149707794189453,4.176568508148193,4.21301794052124,4.21301794052124,0.0,0.0,0.0,0.0,0.75374436378479,0.5013542175292969,0.0,0.513062596321106,0.0,0.0
0.0,0.0,0.0,2.0917694568634033,2.0917694568634033,0.9543161392211914,0.9543161392211914,0.0,6.203030586242676,6.203030586242676,0.3791189193725586,2.603146553039551,1.6228625774383545,1.6228625774383545,0.7563637495040894,0.8677158355712891,0.5954434871673584,0.0,0.0,0.0,0.0,0.2222580909729004,0.2222580909729004,0.0,0.513062596321106,0.0,0.0
1.3045454025268555,1.3045454025268555,0.0,0.1346144676208496,0.0,0.0,0.0,0.8393723964691162,6.508726119995117,6.508726119995117,1.3412632942199707,1.320932149887085,0.8448460102081299,1.1965131759643555,0.18308579921722412,0.18308579921722412,0.0,0.0,0.0,0.0,0.0,0.0,0.0,0.0,0.0,0.0,0.0
0.06019937992095947,0.0,0.0,0.0,0.0,0.0,0.0,0.8393723964691162,1.6598658561706543,0.855670690536499,2.6631500720977783,2.6631500720977783,0.23742473125457764,0.23742473125457764,0.18308579921722412,0.18308579921722412,0.022065043449401855,0.022065043449401855,0.0,0.0,0.0,0.0,0.0,0.0,0.0,0.0,0.0
0.22184550762176514,0.0,0.0,0.0,0.0,0.0,0.0,0.0,0.6028193235397339,5.063129901885986,5.063129901885986,2.92606258392334,0.2566957473754883,0.2566957473754883,0.27801966667175293,0.42251288890838623,3.137336254119873,3.137336254119873,0.0,0.0,0.0,0.0,0.0,0.0,0.0,0.0,1.0159518718719482
0.2596191167831421,0.3686690330505371,0.3686690330505371,0.0,0.0,0.0,0.0,0.0,0.0,5.587686538696289,5.587686538696289,4.387795448303223,4.387795448303223,1.2746522426605225,1.7815346717834473,1.7815346717834473,2.483501672744751,2.483501672744751,0.0,0.0,0.0,0.0,0.0,0.3032193183898926,0.3032193183898926,0.7007530927658081,1.0159518718719482
0.0,0.7531923055648804,0.7531923055648804,0.0,0.0,0.0,0.0,0.0,0.0,2.499682903289795,3.0795650482177734,4.387795448303223,4.387795448303223,1.2746522426605225,1.7815346717834473,1.7815346717834473,0.11371946334838867,0.11944711208343506,0.11944711208343506,0.0,0.0,0.0,0.0,0.5055820941925049,0.5005441904067993,0.7007530927658081,0.6153281927108765

Channel 47
1.7596874237060547,2.4535562992095947,2.4535562992095947,2.0240867137908936,2.0240867137908936,2.969879627227783,4.026538372039795,7.464720249176025,7.464720249176025,8.3557767868042,8.3557767868042,1.9306626319885254,8.101381301879883,4.767349720001221,6.775768280029297,5.652132034301758,5.652132034301758,3.79988431930542,5.027078628540039,6.727053165435791,3.916886568069458,3.916886568069458,3.421719789505005,3.421719789505005,0.670447051525116,2.703787088394165,2.016087293624878
1.7596874237060547,1.7596874237060547,2.914372444152832,2.914372444152832,2.0240867137908936,3.889533758163452,0.8214911222457886,8.020158767700195,8.020158767700195,8.3557767868042,8.3557767868042,3.9077200889587402,7.37593936920166,6.344339847564697,6.775768280029297,7.414459228515625,7.414459228515625,3.1737871170043945,4.537534713745117,7.584932327270508,1.5093185901641846,1.8574886322021484,3.067868709564209,2.118154525756836,0.670447051525116,2.703787088394165,2.401123285293579
2.4876694679260254,0.0,2.914372444152832,2.914372444152832,0.3017665147781372,4.2994704246521,4.101898193359375,4.698246479034424,4.698246479034424,2.319601058959961,8.428910255432129,8.428910255432129,3.0070230960845947,6.958025932312012,6.958025932312012,7.611828327178955,7.611828327178955,4.34838342666626,2.074657440185547,7.613038539886475,0.6508601903915405,6.355632305145264,1.8574886322021484,1.042602777481079,1.0250324010849,2.2642252445220947,2.2642252445220947
2.4876694679260254,2.979644775390625,2.979644775390625,1.9819960594177246,1.693778157234192,4.101898193359375,4.121354579925537,4.698246479034424,4.698246479034424,6.6522698402404785,7.40083646774292,7.40083646774292,5.610295295715332,5.610295295715332,4.203582286834717,7.611828327178955,7.611828327178955,8.127387046813965,8.127387046813965,9.245680809020996,9.245680809020996,6.355632305145264,2.8647050857543945,4.268299102783203,1.6426280736923218,1.6426280736923218,1.7543457746505737
3.349252700805664,4.012031078338623,4.012031078338623,3.450958728790283,3.450958728790283,2.6979780197143555,4.121354579925537,5.5234222412109375,5.5234222412109375,6.6522698402404785,6.6522698402404785,6.051022052764893,7.634215354919434,8.802542686462402,2.5658624172210693,6.50474739074707,6.50474739074707,8.127387046813965,8.127387046813965,9.245680809020996,9.245680809020996,4.000704288482666,2.5559628009796143,4.268299102783203,3.2395145893096924,3.824535846710205,3.824535846710205
3.349252700805664,4.101698398590088,4.101698398590088,1.6409211158752441,5.087479591369629,6.718196392059326,0.4698621332645416,5.5563764572143555,5.5563764572143555,6.594844818115234,6.594844818115234,7.967914581298828,7.967914581298828,9.07163143157959,9.07163143157959,5.261713027954102,6.915472030639648,6.915472030639648,2.579698085784912,10.765281677246094,4.6518635749816895,4.000704288482666,5.754663944244385,7.889223575592041,7.889223575592041,3.824535846710205,3.824535846710205
2.277444362640381,2.277444362640381,5.235818862915039,0.657912015914917,5.001500606536865,6.718196392059326,0.293693482875824,7.073972225189209,7.073972225189209,6.641445636749268,6.641445636749268,7.967914581298828,7.967914581298828,9.07163143157959,9.07163143157959,0.21309712529182434,6.915472030639648,6.915472030639648,2.579698085784912,10.765281677246094,5.800368785858154,3.1761744022369385,11.03412914276123,7.889223575592041,7.889223575592041,2.4501569271087646,3.3541157245635986
4.338436603546143,4.338436603546143,5.351381778717041,5.351381778717041,4.121665954589844,2.423191785812378,0.747430682182312,3.9860880374908447,8.340916633605957,1.7855603694915771,1.7370920181274414,6.520850658416748,1.5415308475494385,1.5415308475494385,2.665038824081421,0.42803117632865906,1.8919625282287598,7.466485977172852,7.466485977172852,1.480849027633667,6.153401851654053,6.153401851654053,7.594372272491455,5.6499552726745605,2.4788074493408203,2.4501569271087646,2.0054807662963867
4.338436603546143,4.338436603546143,5.351381778717041,5.351381778717041,4.121665954589844,5.383695602416992,5.6014509201049805,1.8520489931106567,8.340916633605957,5.189591884613037,1.7370920181274414,6.520850658416748,5.760395050048828,9.502775192260742,0.9854251742362976,2.58725643157959,12.0781831741333,8.67873477935791,7.466485977172852,2.720649242401123,7.515023231506348,7.515023231506348,1.0062905550003052,3.2322449684143066,7.96572732925415,5.105251789093018,1.9688737392425537
5.751162052154541,2.36780047416687,1.4408167600631714,9.161766052246094,9.161766052246094,5.383695602416992,5.6014509201049805,0.9004479050636292,2.803178310394287,6.376113414764404,6.376113414764404,0.0,5.760395050048828,9.502775192260742,2.632317543029785,2.58725643157959,12.0781831741333,11.304646492004395,0.47614386677742004,6.330216884613037,6.330216884613037,10.00078010559082,10.00078010559082,5.778278350830078,5.778278350830078,6.391547679901123,2.327948808670044
4.226905822753906,0.6190104484558105,0.8252447843551636,9.161766052246094,9.161766052246094,7.32309627532959,6.9991774559021,6.9991774559021,3.343282699584961,6.376113414764404,6.376113414764404,1.7455211877822876,0.008879464119672775,1.7595826387405396,2.0845208168029785,2.0845208168029785,6.112370014190674,6.112370014190674,0.6393205523490906,4.853775978088379,5.6836256980896,10.00078010559082,10.00078010559082,5.778278350830078,5.778278350830078,6.391547679901123,2.327948808670044
4.226905822753906,2.997202157974243,2.997202157974243,0.0,8.225833892822266,8.225833892822266,8.599748611450195,8.599748611450195,3.343282699584961,3.343282699584961,1.2002545595169067,3.0774388313293457,0.9881123900413513,0.9881123900413513,4.4418768882751465,4.4418768882751465,0.0,0.17147406935691833,1.4949042797088623,1.4949042797088623,6.446092128753662,6.446092128753662,2.4011569023132324,3.289764881134033,3.547349452972412,2.311544418334961,1.2186172008514404
5.388239860534668,3.7800076007843018,7.305174350738525,1.2296100854873657,3.0512211322784424,3.0512211322784424,5.126944065093994,5.126944065093994,3.695934534072876,3.92362904548645,3.92362904548645,3.0774388313293457,1.6140373945236206,1.6140373945236206,3.5421860218048096,0.7469733953475952,4.474548816680908,0.0,7.05046272277832,7.05046272277832,9.683548927307129,9.683548927307129,3.856994390487671,2.4011569023132324,2.311544418334961,2.311544418334961,2.1300342082977295
8.561788558959961,6.3578033447265625,6.8591718673706055,1.2296100854873657,9.538161277770996,9.538161277770996,5.56775426864624,2.915694236755371,3.695934534072876,3.92362904548645,3.92362904548645,4.515451431274414,4.515451431274414,4.252416133880615,6.975500583648682,0.0,8.002182006835938,2.7073400020599365,7.05046272277832,7.05046272277832,9.683548927307129,9.683548927307129,5.038936614990234,8.554816246032715,6.783481597900391,2.21925950050354,4.921164035797119
11.992029190063477,11.992029190063477,2.0859389305114746,2.0859389305114746,9.161065101623535,9.161065101623535,5.56775426864624,9.783064842224121,9.783064842224121,2.4890332221984863,2.4890332221984863,8.528535842895508,8.528535842895508,4.252416133880615,6.975500583648682,0.7397767305374146,4.1650214195251465,3.2374236583709717,4.41264009475708,8.876843452453613,8.614334106445312,7.731707572937012,7.731707572937012,8.554816246032715,6.783481597900391,0.0,3.646547555923462
11.992029190063477,11.992029190063477,6.803476810455322,2.8621039390563965,7.8382487297058105,1.8092145919799805,2.7331056594848633,9.783064842224121,9.783064842224121,3.4688756465911865,3.4688756465911865,6.9298577308654785,6.9298577308654785,1.1520904302597046,2.080272912979126,1.7278915643692017,7.100477695465088,7.100477695465088,2.300872325897217,8.876843452453613,8.614334106445312,3.7844011783599854,3.257286548614502,4.3898091316223145,3.321157217025757,0.0,3.0036442279815674
1.3949143886566162,8.186275482177734,7.439383506774902,3.4196341037750244,7.8382487297058105,3.155059576034546,5.217702865600586,5.114773750305176,5.114773750305176,10.859726905822754,10.859726905822754,4.582499980926514,4.646639823913574,2.8807692527770996,5.378634929656982,7.546116352081299,6.758845806121826,6.758845806121826,2.300872325897217,2.7071030139923096,1.5996590852737427,3.7844011783599854,2.129591703414917,2.029132127761841,1.9118013381958008,4.149015426635742,2.9187111854553223
3.677949905395508,3.9111177921295166,3.9111177921295166,4.768684387207031,4.768684387207031,1.7892016172409058,5.217702865600586,3.842864751815796,5.464394569396973,10.859726905822754,10.859726905822754,8.935785293579102,4.646639823913574,3.638298749923706,3.638298749923706,7.546116352081299,6.758845806121826,6.758845806121826,1.2616024017333984,1.0043792724609375,1.6268037557601929,8.545477867126465,0.8246675729751587,0.0,1.5552978515625,4.515969276428223,3.6008384227752686
3.9207844734191895,3.9207844734191895,1.2121678590774536,4.768684387207031,13.445649147033691,13.445649147033691,2.7910618782043457,3.842864751815796,6.784022331237793,0.7623695135116577,2.6841814517974854,8.935785293579102,2.239572286605835,2.239572286605835,2.588003158569336,4.644299507141113,4.644299507141113,3.8561384677886963,0.0,1.6280690431594849,1.6280690431594849,8.545477867126465,3.8413991928100586,0.0,0.0,3.6008384227752686,3.6008384227752686
3.7642900943756104,7.143783092498779,7.143783092498779,1.4328045845031738,13.445649147033691,13.445649147033691,6.542477130889893,10.296832084655762,11.876808166503906,11.876808166503906,4.363966941833496,4.363966941833496,5.838387489318848,5.838387489318848,3.8254003524780273,3.8254003524780273,1.4166396856307983,3.8561384677886963,2.4546585083007812,1.6280690431594849,6.2800164222717285,8.653007507324219,3.8413991928100586,2.7402451038360596,2.7402451038360596,0.006084540858864784,0.5993185639381409
3.7642900943756104,7.143783092498779,7.143783092498779,3.7045300006866455,1.6938186883926392,2.733856201171875,2.7160110473632812,10.296832084655762,12.29660701751709,12.29660701751709,4.302533149719238,4.302533149719238,5.838387489318848,5.838387489318848,5.559328556060791,5.559328556060791,0.0,0.8465945720672607,0.8465945720672607,0.05649353936314583,6.2800164222717285,8.859519958496094,5.683174133300781,4.719629287719727,4.719629287719727,0.0,2.963589668273926
3.5400454998016357,3.455857276916504,4.171335220336914,4.73347282409668,0.6351807117462158,1.424172043800354,0.0,1.984144926071167,13.208388328552246,8.80219841003418,2.623934745788574,1.862513780593872,0.9165692925453186,0.9165692925453186,3.2624781131744385,3.2624781131744385,0.0,0.0,0.05649353936314583,0.23801639676094055,1.2594327926635742,4.832919597625732,4.832919597625732,4.529679298400879,6.472973346710205,1.7209426164627075,2.421130418777466
3.455857276916504,3.455857276916504,2.7112393379211426,2.7633631229400635,0.6351807117462158,0.0,0.0,8.661919593811035,13.208388328552246,7.986042499542236,5.339419841766357,1.8824763298034668,0.3259678781032562,0.3259678781032562,0.0,0.0,0.0,0.0,0.0,0.2180938422679901,1.2594327926635742,4.182616233825684,4.573779106140137,4.1127424240112305,3.8027498722076416,1.7209426164627075,0.8863311409950256
2.0980288982391357,0.4248991906642914,1.35568368434906,1.2034655809402466,0.0,0.0,0.0,8.661919593811035,10.808369636535645,7.77523136138916,5.4803924560546875,5.4803924560546875,0.14687088131904602,0.14687088131904602,0.0,0.0,0.0,0.0,0.0,0.0,0.936337947845459,2.3799002170562744,4.573779106140137,4.412165641784668,1.7361825704574585,3.405097007751465,3.405097007751465
2.755056381225586,1.7384185791015625,1.2034655809402466,1.2034655809402466,0.3818753659725189,0.06267527490854263,0.20759546756744385,2.2749969959259033,7.486874580383301,14.210152626037598,14.210152626037598,7.640682697296143,2.429302930831909,0.0,1.5506256818771362,1.5506256818771362,1.4794487953186035,1.4794487953186035,0.0,0.0,2.0205318927764893,2.0205318927764893,2.0184555053710938,2.782198667526245,2.782198667526245,5.257840633392334,5.257840633392334
2.755056381225586,4.670979022979736,3.4315130710601807,0.15763503313064575,0.3818753659725189,0.11905757337808609,0.3715275824069977,0.9024443626403809,0.5366953015327454,14.353303909301758,14.353303909301758,7.640682697296143,7.10267972946167,2.1609432697296143,2.0275683403015137,2.0275683403015137,2.223860263824463,1.0347250699996948,0.0,0.0,2.0205318927764893,2.0205318927764893,0.015406640246510506,3.3734922409057617,3.3734922409057617,5.257840633392334,6.355138301849365
0.8355177044868469,4.670979022979736,4.07446813583374,0.17021185159683228,0.179536372423172,0.13444173336029053,0.3943840563297272,2.5518085956573486,2.5518085956573486,14.337888717651367,14.337888717651367,9.323380470275879,9.323380470275879,5.247403621673584,5.247403621673584,0.6731429696083069,2.223860263824463,0.0,0.0,0.45789480209350586,2.3682706356048584,2.0251803398132324,0.0,2.8531653881073,2.8531653881073,0.747512936592102,6.0813703536987305

Channel 48
4.797245025634766,2.228029251098633,1.1639952659606934,2.396280527114868,4.055506706237793,2.3347527980804443,2.3347527980804443,1.0768086910247803,1.0768086910247803,3.3842270374298096,6.3134074211120605,2.5470023155212402,4.325197219848633,2.6272106170654297,4.987730979919434,4.188541889190674,5.2256999015808105,3.6547577381134033,3.6547577381134033,2.0473055839538574,1.95905339717865,3.4824249744415283,3.4824249744415283,2.787097930908203,1.8276697397232056,1.9909318685531616,3.278010845184326
4.368540287017822,0.719154953956604,1.1639952659606934,2.396280527114868,1.796440601348877,1.7854923009872437,1.5171705484390259,2.5505290031433105,2.5505290031433105,3.031986951828003,6.3134074211120605,2.5470023155212402,1.5377031564712524,2.9596776962280273,4.987730979919434,1.690665364265442,4.074437618255615,1.8338613510131836,1.8338613510131836,5.317798614501953,5.317798614501953,1.327126383781433,2.787097930908203,2.787097930908203,1.3912065029144287,1.466848611831665,1.8784139156341553
4.368540287017822,4.444722652435303,4.444722652435303,1.8482550382614136,1.9773956537246704,1.0941418409347534,2.6172924041748047,2.6172924041748047,1.6441190242767334,1.604232907295227,1.604232907295227,1.354081630706787,3.5507566928863525,3.5507566928863525,2.789623975753784,2.789623975753784,4.074437618255615,3.0598204135894775,1.1171069145202637,3.378880262374878,3.378880262374878,1.8586338758468628,3.7042620182037354,1.5694876909255981,1.7568913698196411,1.466848611831665,1.8784139156341553
3.3714663982391357,4.444722652435303,4.444722652435303,1.8482550382614136,1.9773956537246704,1.8783905506134033,2.6172924041748047,2.6172924041748047,1.6441190242767334,3.6396005153656006,3.6396005153656006,4.464208126068115,4.036257266998291,3.5507566928863525,1.9400743246078491,1.6359281539916992,3.150618076324463,2.7034707069396973,2.7034707069396973,4.889524459838867,4.889524459838867,1.8586338758468628,1.2560347318649292,2.428459405899048,1.7568913698196411,1.474673867225647,1.6977112293243408
1.5660611391067505,0.33736473321914673,1.0999970436096191,0.6970404386520386,0.4790899157524109,0.2194778174161911,0.0,3.8117618560791016,3.8117618560791016,3.6396005153656006,3.6396005153656006,4.464208126068115,1.1896065473556519,4.188854694366455,3.115039825439453,2.1673474311828613,2.1673474311828613,2.7034707069396973,2.7034707069396973,0.20499958097934723,1.6505542993545532,3.190159797668457,3.190159797668457,2.428459405899048,1.5589076280593872,1.5373417139053345,1.3462748527526855
0.12569887936115265,1.7699568271636963,2.653102397918701,0.9060406684875488,0.4790899157524109,0.7383279800415039,0.7383279800415039,3.8117618560791016,3.8117618560791016,1.3175435066223145,0.5720213055610657,0.15549476444721222,1.971762776374817,2.3113059997558594,2.981858253479004,1.9728785753250122,1.4712841510772705,2.1700148582458496,1.3303896188735962,2.1720614433288574,1.281524658203125,3.190159797668457,3.190159797668457,2.7578132152557373,0.9659392833709717,1.0443819761276245,1.232100009918213
1.8693896532058716,1.2346394062042236,0.7485415935516357,0.7485415935516357,0.7653725147247314,0.7653725147247314,0.7383279800415039,0.41722381114959717,2.0253303050994873,1.342708945274353,0.44152963161468506,1.6247526407241821,1.971762776374817,2.3113059997558594,2.981858253479004,0.9879497289657593,1.2018959522247314,2.1700148582458496,2.3580095767974854,2.1720614433288574,1.281524658203125,0.5959461331367493,1.1921632289886475,1.4034918546676636,2.061218500137329,2.061218500137329,1.655480980873108
3.500903844833374,3.500903844833374,0.7485415935516357,0.7485415935516357,1.1957017183303833,1.1957017183303833,0.5213794112205505,0.4728925824165344,1.2073853015899658,1.2073853015899658,0.697574257850647,1.7065099477767944,1.7065099477767944,1.4484986066818237,2.275850534439087,0.9879497289657593,0.0954698920249939,2.8425052165985107,2.8425052165985107,1.5358997583389282,0.5721765756607056,0.5721765756607056,0.5692092180252075,0.6782807111740112,1.6492197513580322,1.655480980873108,1.655480980873108
3.500903844833374,3.500903844833374,0.34493035078048706,0.34493035078048706,1.684557318687439,1.412612795829773,0.8646784424781799,0.8646784424781799,0.810455858707428,1.3379095792770386,1.7192200422286987,1.7065099477767944,1.7065099477767944,1.4484986066818237,1.4484986066818237,0.20917101204395294,0.5127865076065063,2.8425052165985107,2.8425052165985107,0.46436554193496704,2.97940993309021,2.97940993309021,1.5435556173324585,1.9965590238571167,1.9965590238571167,1.4835786819458008,1.8250758647918701
2.897245168685913,2.897245168685913,0.44815725088119507,1.7096824645996094,2.7731850147247314,1.412612795829773,0.8646784424781799,0.8646784424781799,0.40151095390319824,0.6944125890731812,1.7192200422286987,0.82280433177948,0.3466845154762268,0.4645916223526001,0.4600445628166199,0.20917101204395294,1.1591020822525024,1.288991928100586,0.6430946588516235,1.6396615505218506,1.6396615505218506,1.5435556173324585,1.5435556173324585,0.3859981298446655,2.8559627532958984,2.8559627532958984,1.5935158729553223
1.7781150341033936,1.0014721155166626,1.7903484106063843,1.7096824645996094,2.7731850147247314,0.7231526970863342,0.0,0.4688423275947571,0.34913086891174316,0.12280401587486267,0.8143574595451355,0.30387580394744873,0.30387580394744873,0.36866629123687744,0.4600445628166199,0.8594557642936707,0.8040844798088074,0.37615156173706055,0.24154336750507355,0.17031897604465485,0.7463036179542542,1.7019644975662231,2.6947243213653564,2.6947243213653564,1.6425405740737915,3.563203811645508,3.563203811645508
1.7781150341033936,1.0014721155166626,1.8506666421890259,1.8506666421890259,1.2595897912979126,1.3207262754440308,2.082759141921997,2.6806650161743164,0.6819786429405212,0.6819786429405212,1.1724748611450195,0.5565652251243591,1.379880428314209,1.6110910177230835,2.3911266326904297,2.3911266326904297,0.2520092725753784,0.37615156173706055,0.24154336750507355,0.6324865221977234,1.4187774658203125,2.0731444358825684,1.0961461067199707,1.8979672193527222,3.739719867706299,3.739719867706299,3.563203811645508
3.0595109462738037,3.0595109462738037,1.7602949142456055,1.7602949142456055,1.2595897912979126,0.9540752172470093,0.8934246301651001,0.557574987411499,0.6819786429405212,0.8565173149108887,1.1724748611450195,0.9187229871749878,1.8395353555679321,2.082991123199463,2.6177430152893066,1.3188778162002563,0.6918590068817139,1.6895397901535034,1.1337519884109497,0.10859131813049316,1.4187774658203125,2.0731444358825684,1.7170182466506958,1.7934836149215698,2.4668776988983154,2.4668776988983154,1.4271944761276245
0.46629148721694946,0.834931492805481,1.7602949142456055,1.8523465394973755,0.9540752172470093,0.9540752172470093,0.5786194205284119,0.5960264205932617,1.8521233797073364,1.9647215604782104,1.7407753467559814,0.9187229871749878,3.041736364364624,1.3372716903686523,0.0,1.3188778162002563,0.805015504360199,0.0,1.7788816690444946,1.7788816690444946,1.7724605798721313,0.256622314453125,1.8634642362594604,4.799566268920898,4.799566268920898,2.4668776988983154,2.352046489715576
2.314063310623169,2.314063310623169,3.269024133682251,1.8523465394973755,0.5521842241287231,0.7199966907501221,1.53299880027771,0.5960264205932617,1.5892683267593384,1.5892683267593384,1.4750014543533325,0.22489522397518158,3.041736364364624,1.278473138809204,2.2864670753479004,0.7998155355453491,2.519000768661499,3.756458282470703,2.34656023979187,2.636259078979492,2.636259078979492,2.1280412673950195,2.1280412673950195,4.799566268920898,4.799566268920898,2.3821611404418945,2.352046489715576
1.3700065612792969,2.3291213512420654,1.7017163038253784,4.731165409088135,4.731165409088135,0.4754548668861389,1.53299880027771,0.692809522151947,1.0523754358291626,2.4247992038726807,4.325896739959717,2.9653213024139404,3.7125637531280518,3.5517141819000244,2.2864670753479004,3.8953206539154053,3.8953206539154053,4.539549350738525,4.539549350738525,2.636259078979492,2.8194587230682373,2.2076542377471924,1.4977121353149414,6.252685546875,6.252685546875,3.3221752643585205,0.791549026966095
3.184929132461548,3.184929132461548,1.7017163038253784,4.731165409088135,6.578065395355225,3.774528741836548,1.4095890522003174,3.892944097518921,3.998525381088257,3.998525381088257,4.325896739959717,2.9653213024139404,3.7125637531280518,3.5517141819000244,2.252002716064453,2.1922237873077393,1.8895889520645142,4.539549350738525,4.539549350738525,0.3142234683036804,1.2069813013076782,2.2076542377471924,1.624617099761963,1.2000735998153687,1.4633893966674805,1.4633893966674805,1.252488374710083
3.2654402256011963,3.184929132461548,1.4170067310333252,2.598017930984497,6.578065395355225,7.499402046203613,4.661442279815674,4.661442279815674,5.819631576538086,5.819631576538086,3.311643600463867,2.6743171215057373,1.7274250984191895,1.4407525062561035,7.633908271789551,7.633908271789551,2.3639767169952393,4.880736351013184,4.880736351013184,2.0043647289276123,1.8161327838897705,1.8989323377609253,1.8989323377609253,0.5188177227973938,0.6035315990447998,0.6035315990447998,1.406173825263977
3.2654402256011963,1.7485193014144897,6.404041290283203,3.7354328632354736,3.417914390563965,5.411328315734863,5.411328315734863,2.782548427581787,5.819631576538086,5.819631576538086,3.6936745643615723,3.6936745643615723,2.218747138977051,1.855327844619751,7.633908271789551,7.633908271789551,1.7846434116363525,4.880736351013184,4.880736351013184,6.5135626792907715,6.5135626792907715,6.065701484680176,6.065701484680176,0.14991559088230133,0.6035315990447998,1.1957610845565796,2.112039566040039
3.025583505630493,0.9746459722518921,3.0164120197296143,4.744222640991211,4.744222640991211,5.411328315734863,5.411328315734863,2.387086868286133,3.136446475982666,2.2358052730560303,7.337423801422119,7.337423801422119,6.48504114151001,5.828099727630615,6.102908611297607,5.980985164642334,1.6216987371444702,3.5063462257385254,3.5063462257385254,0.6733540296554565,2.965665102005005,6.065701484680176,6.065701484680176,5.039544105529785,3.9643495082855225,1.166431188583374,2.112039566040039
3.025583505630493,0.35849708318710327,2.08038592338562,1.5269979238510132,1.788230538368225,1.9429677724838257,1.9429677724838257,2.387086868286133,3.136446475982666,2.2358052730560303,7.337423801422119,7.337423801422119,6.48504114151001,5.828099727630615,1.2670873403549194,1.2670873403549194,0.5928055644035339,1.4252824783325195,1.4252824783325195,0.9099154472351074,2.965665102005005,3.4558188915252686,3.4558188915252686,2.252138137817383,3.9643495082855225,3.2728800773620605,3.33048939704895
1.9329708814620972,2.1795926094055176,1.1924115419387817,1.1924115419387817,1.315927267074585,1.315927267074585,0.6478576064109802,0.7327185869216919,1.5305458307266235,1.5305458307266235,0.999618411064148,0.0,0.22778908908367157,0.9960802793502808,0.9960802793502808,0.04003363847732544,0.19021852314472198,1.4252824783325195,1.585754156112671,1.585754156112671,1.218320369720459,2.430065631866455,0.6280170679092407,1.6818273067474365,4.8412346839904785,4.8412346839904785,1.732099175453186
0.547182559967041,0.9436674118041992,1.1924115419387817,1.1924115419387817,1.299338459968567,1.719923734664917,4.761828422546387,4.761828422546387,0.7327185869216919,0.999618411064148,0.999618411064148,0.0,0.3218955993652344,0.3218955993652344,0.0,0.02243952453136444,0.24725235998630524,1.1251730918884277,1.585754156112671,1.585754156112671,0.8768632411956787,0.2527817487716675,0.27935296297073364,2.1597349643707275,2.1597349643707275,2.039323329925537,3.5920684337615967
2.119417905807495,5.81925630569458,5.81925630569458,0.35550010204315186,0.468403160572052,0.8022757768630981,4.761828422546387,4.761828422546387,2.4349539279937744,3.833291530609131,0.31613731384277344,0.31613731384277344,0.20840226113796234,0.20840226113796234,0.0917472243309021,1.4011831283569336,3.982424020767212,1.1251730918884277,3.5022122859954834,2.732525110244751,0.14576517045497894,0.9778010845184326,1.0495238304138184,2.105029821395874,3.52311110496521,4.307276725769043,3.1647605895996094
2.339534282684326,5.81925630569458,5.81925630569458,1.57023024559021,0.9752957820892334,0.8022757768630981,0.6018122434616089,0.6018122434616089,0.0,3.833291530609131,1.068939447402954,0.504819393157959,0.0,0.0,0.27632421255111694,1.4011831283569336,3.982424020767212,3.627256393432617,1.520247459411621,0.5160506367683411,0.2450300008058548,1.6986898183822632,0.9778010845184326,0.4385870099067688,0.2484709769487381,0.5101104378700256,1.0701942443847656
2.339534282684326,2.339534282684326,0.7208820581436157,0.3563476800918579,0.9752957820892334,0.9898403882980347,0.44139307737350464,0.8150140047073364,2.4835169315338135,2.4835169315338135,2.8291542530059814,0.8095094561576843,1.0703084468841553,4.845198154449463,3.4073855876922607,4.257409572601318,4.257409572601318,3.627256393432617,1.378421425819397,0.5160506367683411,0.6912091374397278,1.6986898183822632,1.5528568029403687,1.5528568029403687,1.3042713403701782,1.645607829093933,1.645607829093933
1.3662307262420654,1.7842899560928345,1.0911493301391602,0.8163031935691833,1.258460283279419,2.105158567428589,2.201364040374756,5.021862506866455,6.1574835777282715,6.1574835777282715,5.7500128746032715,5.7500128746032715,5.609676837921143,5.2828288078308105,5.969945907592773,5.969945907592773,4.410557746887207,6.643613815307617,7.172945022583008,5.539969444274902,5.185215950012207,2.467259645462036,2.1691651344299316,1.6860193014144897,1.6538586616516113,1.6538586616516113,2.1448090076446533

Channel 49
1.2029917240142822,1.1544736623764038,0.2191440612077713,3.274501085281372,3.274501085281372,1.0284442901611328,1.0284442901611328,0.9141839146614075,0.2729513943195343,2.3320436477661133,3.1312155723571777,1.622448205947876,4.005342483520508,3.089040517807007,2.61808443069458,3.029670476913452,2.8979103565216064,4.150347709655762,0.5655125975608826,1.4120287895202637,2.1439096927642822,2.1439096927642822,0.9915976524353027,0.44054824113845825,0.8800608515739441,2.4211676120758057,2.4211676120758057
0.756553053855896,0.7683152556419373,1.0395917892456055,1.6168177127838135,3.5336356163024902,0.9041631817817688,1.5206105709075928,2.5366382598876953,2.5366382598876953,4.953144073486328,2.3676955699920654,6.617177963256836,4.005342483520508,5.474390506744385,2.61808443069458,4.734753608703613,4.734753608703613,6.229345321655273,6.229345321655273,3.1645119190216064,3.1645119190216064,0.9915976524353027,0.9915976524353027,1.4785375595092773,1.1187901496887207,0.8800608515739441,2.3150899410247803
0.756553053855896,0.756553053855896,1.0395917892456055,1.6168177127838135,1.6168177127838135,4.340484142303467,5.164610862731934,5.465812683105469,5.465812683105469,4.953144073486328,6.839721202850342,6.839721202850342,4.4148430824279785,5.474390506744385,3.4836642742156982,4.594761848449707,4.594761848449707,6.229345321655273,6.229345321655273,3.1645119190216064,3.1645119190216064,1.1535300016403198,1.5487381219863892,1.5487381219863892,0.1156369224190712,1.4573743343353271,1.4595469236373901
0.9912359714508057,1.6747949123382568,1.6747949123382568,1.5617917776107788,1.817298173904419,2.600956916809082,6.901826858520508,5.465812683105469,5.465812683105469,5.228886127471924,5.228886127471924,7.19732141494751,7.19732141494751,6.6108503341674805,3.4836642742156982,1.3723905086517334,5.00095796585083,3.3913984298706055,3.4931976795196533,2.6266868114471436,2.460864305496216,1.3011301755905151,1.5487381219863892,1.5487381219863892,1.8729839324951172,1.8729839324951172,1.449639916419983
3.818441867828369,1.6747949123382568,1.6747949123382568,1.5617917776107788,1.7152364253997803,5.276484966278076,5.276484966278076,4.688928604125977,4.799466609954834,3.8545522689819336,2.0451550483703613,4.663521766662598,4.663521766662598,6.6108503341674805,4.400449275970459,4.400449275970459,5.00095796585083,5.261612892150879,4.1162638664245605,1.6223020553588867,1.5430070161819458,2.7855985164642334,3.1069912910461426,1.8779988288879395,1.8729839324951172,1.8729839324951172,1.1447888612747192
3.818441867828369,0.9488550424575806,0.803665280342102,0.803665280342102,1.1758697032928467,7.438185691833496,5.276484966278076,3.9102182388305664,8.11912727355957,4.326862335205078,4.326862335205078,4.663521766662598,4.663521766662598,3.5357472896575928,7.846175670623779,4.400449275970459,10.941291809082031,10.941291809082031,4.1162638664245605,7.500314712524414,7.500314712524414,2.7855985164642334,3.64017391204834,2.788295030593872,2.274963855743408,1.1253031492233276,0.6682334542274475
3.790754556655884,3.790754556655884,3.437168836593628,3.3521265983581543,1.1758697032928467,1.6651926040649414,4.343748092651367,3.9102182388305664,8.11912727355957,4.326862335205078,4.326862335205078,2.4837024211883545,3.605254650115967,3.605254650115967,4.764270305633545,4.764270305633545,2.8767457008361816,0.7136642336845398,1.941283941268921,2.9520316123962402,3.1579885482788086,3.1579885482788086,3.64017391204834,2.788295030593872,1.5884140729904175,1.207043170928955,0.1939900517463684
0.7683101892471313,0.7683101892471313,4.843745231628418,4.843745231628418,5.124590873718262,5.124590873718262,3.2705836296081543,2.295058012008667,4.5934739112854,4.171847343444824,2.4837024211883545,6.191046714782715,6.191046714782715,3.605254650115967,4.764270305633545,4.764270305633545,2.5145506858825684,4.503308296203613,6.537052631378174,3.0747296810150146,6.027121543884277,6.027121543884277,0.9303713440895081,1.7010480165481567,2.3676722049713135,2.3676722049713135,0.7049521803855896
0.5122177004814148,1.116829752922058,4.843745231628418,4.843745231628418,2.4304189682006836,3.1507859230041504,6.370636940002441,2.295058012008667,4.5934739112854,4.171847343444824,1.9076366424560547,4.083931922912598,1.7107791900634766,7.250210762023926,6.213963508605957,1.1821706295013428,7.87091588973999,7.87091588973999,5.219310760498047,2.1505556106567383,6.027121543884277,6.027121543884277,3.2847275733947754,4.3091349601745605,4.3091349601745605,2.3676722049713135,0.9013768434524536
2.5464084148406982,0.34900134801864624,0.9606021046638489,7.745832920074463,7.745832920074463,1.7051548957824707,2.172469139099121,2.1759164333343506,1.076041340827942,3.2712559700012207,4.162797451019287,2.9227962493896484,1.7107791900634766,3.086599111557007,3.431166648864746,2.4219021797180176,4.085983753204346,0.43316081166267395,1.7412315607070923,6.182475566864014,6.182475566864014,3.454707145690918,5.257442951202393,4.3091349601745605,4.3091349601745605,1.3362971544265747,0.6278727650642395
2.5464084148406982,0.8004435300827026,1.2156881093978882,2.3017308712005615,6.3468122482299805,6.3468122482299805,2.3166871070861816,5.901731491088867,2.7668330669403076,3.2712559700012207,3.2712559700012207,5.1589226722717285,1.9449269771575928,2.513597011566162,3.431166648864746,4.337565898895264,0.6105487942695618,0.42194467782974243,1.0971778631210327,1.2857651710510254,5.347605228424072,5.347605228424072,2.8764116764068604,3.3970096111297607,4.630475997924805,4.630475997924805,3.7849338054656982
1.3609615564346313,0.7406140565872192,4.1502532958984375,4.1502532958984375,6.3468122482299805,6.3468122482299805,3.2783420085906982,5.901731491088867,5.618707656860352,2.2724437713623047,2.7800285816192627,5.1589226722717285,2.911397695541382,2.911397695541382,2.4363884925842285,4.337565898895264,1.2763705253601074,1.0158864259719849,0.9345552325248718,4.688824653625488,5.347605228424072,5.347605228424072,6.923428058624268,5.588796615600586,5.335967063903809,4.630475997924805,1.0577143430709839
0.7554399967193604,3.77671480178833,4.1502532958984375,4.1502532958984375,8.5498046875,8.5498046875,3.2112607955932617,3.177872896194458,5.618707656860352,4.088801860809326,4.088801860809326,3.222452402114868,2.911397695541382,2.911397695541382,3.012331008911133,3.012331008911133,5.3755202293396,5.3755202293396,5.801771640777588,5.801771640777588,4.688824653625488,6.479891300201416,6.923428058624268,5.588796615600586,3.9313037395477295,3.9313037395477295,3.1765315532684326
0.7554399967193604,1.947052240371704,1.2578020095825195,2.270280122756958,8.5498046875,8.5498046875,4.709861755371094,3.1726415157318115,4.3768792152404785,2.769345760345459,1.846510648727417,8.376205444335938,8.376205444335938,2.266191244125366,4.853458404541016,3.012331008911133,5.3755202293396,5.3755202293396,4.7073211669921875,2.6279561519622803,5.404414653778076,9.123510360717773,9.123510360717773,2.169154167175293,1.9053807258605957,2.4051032066345215,3.1765315532684326
3.289201021194458,3.289201021194458,4.12012243270874,4.12012243270874,1.1989113092422485,3.6176955699920654,3.6176955699920654,7.281904220581055,7.281904220581055,4.374423980712891,4.374423980712891,8.376205444335938,8.376205444335938,1.6153746843338013,3.3347866535186768,2.5577712059020996,3.901219606399536,6.992587566375732,4.7073211669921875,7.886438846588135,7.886438846588135,9.123510360717773,9.123510360717773,6.9264116287231445,4.165596008300781,4.165596008300781,0.1815124750137329
3.394350051879883,3.289201021194458,4.12012243270874,4.12012243270874,5.104184627532959,3.4888505935668945,2.5087242126464844,2.2236247062683105,1.7200582027435303,4.374423980712891,4.374423980712891,0.8528294563293457,2.1430792808532715,2.1430792808532715,3.4282610416412354,7.6131439208984375,6.459178447723389,8.348382949829102,8.348382949829102,4.831418514251709,8.645658493041992,8.221783638000488,6.9264116287231445,6.9264116287231445,4.165596008300781,4.165596008300781,1.3478606939315796
0.949517548084259,2.5546538829803467,2.5546538829803467,3.808706760406494,5.104184627532959,3.9972686767578125,7.451719760894775,4.739238262176514,3.046785831451416,4.182933330535889,6.653837203979492,3.8137755393981934,4.393339157104492,6.193301677703857,6.193301677703857,7.6131439208984375,8.438197135925293,8.865372657775879,8.348382949829102,7.9566240310668945,8.667125701904297,8.667125701904297,4.106316566467285,2.8063035011291504,2.3565189838409424,2.2166941165924072,1.4641854763031006
0.9786263704299927,2.533477306365967,2.533477306365967,2.6904802322387695,3.5496811866760254,3.9972686767578125,7.451719760894775,4.899951457977295,8.114725112915039,4.081600666046143,6.939450740814209,8.56561279296875,6.2747931480407715,8.406176567077637,8.406176567077637,6.351134777069092,8.438197135925293,8.982514381408691,8.982514381408691,6.117265701293945,8.667125701904297,8.667125701904297,5.369875431060791,1.9778499603271484,0.570597767829895,1.0893869400024414,1.2389498949050903
0.9786263704299927,1.318015694618225,1.3027971982955933,2.4139842987060547,1.8738420009613037,2.025853395462036,2.642324209213257,4.899951457977295,4.899951457977295,5.544299125671387,6.939450740814209,8.56561279296875,6.68248176574707,7.559911727905273,6.2344746589660645,6.2344746589660645,5.390120506286621,5.390120506286621,3.4811081886291504,2.3822731971740723,1.2852383852005005,5.369875431060791,5.369875431060791,0.4585682153701782,0.570597767829895,1.0893869400024414,1.36848783493042
0.6428515315055847,1.318015694618225,1.3027971982955933,1.3970894813537598,1.3970894813537598,4.024905681610107,3.765644073486328,3.157994270324707,4.539693832397461,1.9510307312011719,5.100074768066406,6.68248176574707,6.68248176574707,3.561960220336914,3.561960220336914,3.7198076248168945,5.07847785949707,3.862117290496826,3.6190783977508545,1.7069100141525269,0.08171848952770233,0.5412102341651917,0.6619893908500671,0.9825425148010254,0.8297824859619141,0.8492604494094849,1.5104748010635376
0.6428515315055847,0.977675199508667,0.977675199508667,1.8588513135910034,1.181971788406372,2.3158223628997803,0.7958570718765259,1.1256840229034424,2.2516367435455322,6.851992607116699,6.851992607116699,3.095468521118164,1.0387508869171143,4.594127178192139,4.594127178192139,3.96696400642395,4.361886501312256,1.2771525382995605,0.8187418580055237,0.8681318163871765,0.8681318163871765,0.4959670305252075,0.6619893908500671,1.0652778148651123,1.5154473781585693,1.532729148864746,1.5104748010635376
0.5792937278747559,0.6556866765022278,1.0862125158309937,1.8588513135910034,1.181971788406372,0.18245629966259003,0.7958570718765259,0.4999327063560486,2.2516367435455322,1.9310352802276611,3.104140043258667,4.929597854614258,4.911612510681152,4.594127178192139,4.594127178192139,0.40604594349861145,0.41201600432395935,0.45657992362976074,0.7737922072410583,1.433801293373108,1.433801293373108,1.3078892230987549,1.0141372680664062,1.0652778148651123,1.5154473781585693,1.532729148864746,0.3566340208053589
0.39322978258132935,0.6556866765022278,1.0779541730880737,1.8354389667510986,1.2126559019088745,1.2328145503997803,1.2467944622039795,0.4999327063560486,0.6796203255653381,0.9924488067626953,3.104140043258667,4.929597854614258,3.219940423965454,0.06150563806295395,0.12858523428440094,0.17961759865283966,0.41201600432395935,0.0,0.8634531497955322,1.433801293373108,1.433801293373108,0.5043735504150391,0.769707441329956,2.7017171382904053,0.705453097820282,0.5935876369476318,1.6979552507400513
1.4525843858718872,1.3687703609466553,1.5028821229934692,1.5028821229934692,1.138820767402649,1.138820767402649,0.48722994327545166,0.289532333612442,0.6796203255653381,0.9924488067626953,1.4939601421356201,1.4939601421356201,0.0,0.08623851835727692,0.12858523428440094,0.35226038098335266,0.7681446075439453,2.377840280532837,2.377840280532837,1.885869026184082,1.0621453523635864,0.3963366448879242,1.6204651594161987,2.7017171382904053,0.7350696921348572,0.7657878994941711,0.3055700957775116
1.4525843858718872,0.21825434267520905,1.5028821229934692,1.5028821229934692,0.8709409832954407,1.2416282892227173,1.2416282892227173,1.4441660642623901,1.008741855621338,0.742621660232544,1.4939601421356201,1.4939601421356201,0.016054032370448112,0.6135584712028503,0.6575209498405457,1.5463532209396362,1.5463532209396362,2.643395185470581,2.377840280532837,0.6431041955947876,0.6431041955947876,1.669113039970398,0.5882856845855713,0.7183945775032043,0.7350696921348572,1.2670120000839233,1.1226518154144287
3.050306558609009,1.3184881210327148,0.8653129935264587,0.33939987421035767,0.8709409832954407,0.9064960479736328,0.9578747153282166,0.43890321254730225,1.0997191667556763,2.05572772026062,2.590043067932129,2.590043067932129,0.763492226600647,1.2671446800231934,1.9298686981201172,2.3745713233947754,4.2971367835998535,2.643395185470581,2.3830959796905518,0.549599826335907,0.5674532055854797,1.669113039970398,0.2221374362707138,0.8391570448875427,3.671895742416382,3.671895742416382,1.0152716636657715
0.46999862790107727,1.616634488105774,1.616634488105774,0.6751183271408081,0.7044512629508972,0.7044512629508972,0.9578747153282166,0.7897764444351196,1.0997191667556763,1.6579174995422363,2.590043067932129,2.590043067932129,1.940112590789795,1.9978227615356445,1.9978227615356445,2.521543502807617,4.2971367835998535,3.411501884460449,3.411501884460449,0.8643418550491333,0.2688595652580261,0.1681361347436905,0.5628336668014526,1.8703819513320923,1.517530083656311,0.7876389026641846,1.1583954095840454

Channel 50
3.566558599472046,5.0766401290893555,3.7144126892089844,3.2345573902130127,3.2345573902130127,1.6388427019119263,3.42318058013916,3.5093295574188232,4.695862293243408,4.695862293243408,5.213369846343994,5.213369846343994,4.92045259475708,3.2037923336029053,2.2696518898010254,7.801651477813721,7.801651477813721,4.422354221343994,7.822803020477295,4.397634983062744,4.503292083740234,4.503292083740234,3.7409555912017822,3.6986281871795654,1.4462647438049316,1.4462647438049316,2.9220547676086426
3.566558599472046,3.566558599472046,1.6802865266799927,3.2345573902130127,3.2345573902130127,1.4653565883636475,3.42318058013916,3.8284711837768555,3.8284711837768555,8.472887992858887,8.472887992858887,4.432738780975342,5.808218955993652,3.2037923336029053,6.655390739440918,7.801651477813721,10.195323944091797,10.195323944091797,4.397634983062744,4.397634983062744,3.0146284103393555,3.0146284103393555,5.7619123458862305,5.7619123458862305,2.6387014389038086,1.233546257019043,0.5485727190971375
4.228270530700684,1.0012880563735962,1.5248873233795166,3.1069631576538086,3.1069631576538086,2.1599857807159424,1.8308038711547852,2.83921217918396,4.878560543060303,8.472887992858887,8.472887992858887,6.0746893882751465,3.2105906009674072,6.248323440551758,4.556652545928955,5.932253360748291,4.117391109466553,4.570417881011963,1.6307291984558105,4.34832239151001,3.9711554050445557,5.450977802276611,12.516010284423828,5.7619123458862305,4.956602573394775,2.2522785663604736,0.5361919403076172
4.228270530700684,1.0550565719604492,2.605782985687256,3.1069631576538086,3.1069631576538086,2.668703317642212,3.762732982635498,3.239879608154297,3.239879608154297,2.813375949859619,6.0746893882751465,6.0746893882751465,4.0028300285339355,5.93302059173584,6.121001720428467,5.932253360748291,3.53631591796875,4.570417881011963,5.326250076293945,5.853967189788818,3.9711554050445557,6.200211048126221,12.516010284423828,4.956602573394775,5.72731351852417,0.7647013664245605,0.7647013664245605
4.158759593963623,2.2124087810516357,2.451331853866577,3.4562385082244873,3.4562385082244873,2.1390156745910645,3.762732982635498,2.2142372131347656,3.070481538772583,5.29153299331665,5.29153299331665,4.906642436981201,5.363919734954834,5.363919734954834,6.121001720428467,3.8726890087127686,3.8726890087127686,6.217901229858398,6.217901229858398,5.853967189788818,5.128267765045166,3.034411907196045,2.2412240505218506,7.668072700500488,5.72731351852417,3.0782101154327393,2.3323683738708496
2.1171371936798096,6.299735069274902,6.299735069274902,2.451331853866577,2.0416061878204346,2.1390156745910645,3.0668368339538574,3.542587995529175,3.542587995529175,3.2104861736297607,3.486668586730957,4.444101333618164,4.5007429122924805,5.282541275024414,2.5399231910705566,3.8726890087127686,4.186959743499756,2.166213035583496,2.225358724594116,3.144195318222046,5.128267765045166,3.8341262340545654,3.8341262340545654,6.2473602294921875,6.2473602294921875,4.338365077972412,3.3731813430786133
2.8806650638580322,1.771262526512146,3.8912508487701416,2.6445212364196777,2.0416061878204346,2.5232834815979004,0.27004510164260864,3.3730573654174805,3.3730573654174805,5.357608318328857,5.357608318328857,4.444101333618164,2.9159531593322754,3.5921669006347656,3.5921669006347656,1.9668124914169312,4.186959743499756,3.165386438369751,1.0320699214935303,4.339101314544678,1.6170947551727295,2.561399459838867,7.374831676483154,6.91750431060791,6.91750431060791,4.338365077972412,3.3731813430786133
3.285388231277466,3.3725502490997314,3.8912508487701416,2.5827085971832275,2.5827085971832275,2.912679433822632,2.8608500957489014,2.8608500957489014,1.5333757400512695,4.333590507507324,3.1141085624694824,1.1813997030258179,3.0002713203430176,2.5837924480438232,3.9280264377593994,1.5749146938323975,0.3012455701828003,2.647683620452881,2.6641433238983154,3.1400411128997803,0.4556403160095215,3.2339625358581543,7.374831676483154,2.036245822906494,2.102414608001709,7.266807556152344,7.266807556152344
6.311771869659424,6.311771869659424,4.2701897621154785,4.2701897621154785,2.988286256790161,2.988286256790161,2.8608500957489014,2.8608500957489014,4.673047065734863,3.1141085624694824,3.1141085624694824,3.6648740768432617,1.9600025415420532,1.9600025415420532,3.9290778636932373,2.1536705493927,2.24592661857605,6.5289306640625,6.5289306640625,3.1400411128997803,7.551479816436768,7.551479816436768,3.2339625358581543,2.68532395362854,9.205811500549316,6.118687152862549,6.432413101196289
6.136684894561768,6.136684894561768,1.8213794231414795,2.4550437927246094,4.604003429412842,4.604003429412842,2.276627779006958,0.6146393418312073,2.6997201442718506,2.6997201442718506,1.6493414640426636,1.6493414640426636,1.9600025415420532,3.3764936923980713,2.1536705493927,2.1536705493927,4.519900321960449,3.197451114654541,2.7426979541778564,2.1322836875915527,7.551479816436768,7.551479816436768,2.7098851203918457,5.918744087219238,9.205811500549316,7.01469612121582,5.508548736572266
6.136684894561768,6.136684894561768,1.7693837881088257,3.517817258834839,3.517817258834839,3.3347158432006836,3.3347158432006836,3.215914011001587,5.644255638122559,3.2955353260040283,3.2955353260040283,1.6145308017730713,0.8443403840065002,0.7436648607254028,1.675591230392456,2.723510980606079,3.197451114654541,3.197451114654541,0.17787529528141022,2.1322836875915527,2.1322836875915527,11.30370807647705,11.30370807647705,3.1313929557800293,7.01469612121582,7.01469612121582,4.954538345336914
5.110902786254883,5.110902786254883,3.0082292556762695,5.117965221405029,1.9176748991012573,2.167814016342163,2.167814016342163,2.797961950302124,5.644255638122559,1.3730744123458862,1.7586452960968018,0.6203479766845703,1.6984574794769287,1.1304324865341187,4.651823043823242,4.651823043823242,2.723510980606079,1.0286891460418701,0.17787529528141022,1.4231412410736084,4.5575361251831055,4.5575361251831055,6.710679054260254,3.0519330501556396,3.6492018699645996,4.098626136779785,4.954538345336914
5.110902786254883,5.110902786254883,5.580204486846924,5.117965221405029,2.533156394958496,3.5636608600616455,3.5636608600616455,2.833273410797119,0.9369229674339294,1.4363915920257568,1.105385422706604,1.105385422706604,1.6984574794769287,1.4675254821777344,4.651823043823242,4.651823043823242,1.825089454650879,3.0670156478881836,5.039802074432373,5.039802074432373,2.301515817642212,6.437875747680664,6.437875747680664,2.4097847938537598,3.6492018699645996,3.3672189712524414,2.855466365814209
5.908485412597656,5.66881799697876,5.580204486846924,3.1517975330352783,2.6283349990844727,3.5636608600616455,3.5636608600616455,2.833273410797119,9.13079833984375,9.13079833984375,4.613789081573486,1.105385422706604,3.90214467048645,3.90214467048645,2.263439655303955,3.2879631519317627,5.721591472625732,3.0670156478881836,5.039802074432373,5.039802074432373,7.065575122833252,7.065575122833252,6.437875747680664,6.493338108062744,5.876136779785156,3.905019998550415,2.855466365814209
12.315450668334961,12.315450668334961,4.548223495483398,5.515721797943115,5.515721797943115,4.669103145599365,4.669103145599365,0.21552182734012604,9.13079833984375,9.13079833984375,4.613789081573486,3.1729037761688232,3.90214467048645,3.90214467048645,1.898091197013855,0.0,5.721591472625732,3.5635130405426025,4.583869457244873,5.292603969573975,5.2229084968566895,5.2229084968566895,4.295954704284668,6.493338108062744,8.493643760681152,8.493643760681152,2.54288387298584
12.315450668334961,13.360340118408203,7.2856574058532715,7.2856574058532715,6.356843948364258,12.250268936157227,6.598073959350586,4.373208999633789,2.0391995906829834,7.124034404754639,3.62542462348938,3.62542462348938,3.1729037761688232,0.9115553498268127,2.6573894023895264,0.9182977080345154,4.474165439605713,4.806435585021973,4.806435585021973,5.292603969573975,3.1141555309295654,3.1141555309295654,6.1633100509643555,6.1633100509643555,8.493643760681152,8.493643760681152,3.8014819622039795
2.6451053619384766,13.360340118408203,3.761334180831909,7.032653331756592,13.173392295837402,12.250268936157227,7.390117645263672,6.084099292755127,3.0397820472717285,3.0397820472717285,6.796171188354492,6.796171188354492,4.3546648025512695,6.399229526519775,5.735954284667969,5.735954284667969,5.3139567375183105,4.806435585021973,4.806435585021973,3.585258722305298,4.279464244842529,4.279464244842529,6.025156021118164,9.409058570861816,4.183535575866699,1.098568081855774,3.8014819622039795
1.4362304210662842,2.848154067993164,6.9624786376953125,6.9624786376953125,1.8925961256027222,7.390117645263672,11.233810424804688,6.681619644165039,3.0397820472717285,7.278228282928467,7.278228282928467,3.3421149253845215,10.017731666564941,5.275529384613037,5.275529384613037,6.300292015075684,6.591274261474609,6.591274261474609,4.282570838928223,2.2879796028137207,4.596920490264893,4.596920490264893,6.025156021118164,3.7721140384674072,4.080952167510986,2.2734968662261963,1.8789619207382202
2.7139012813568115,2.163548469543457,3.9385077953338623,4.382452487945557,6.768855571746826,6.768855571746826,6.681619644165039,7.997898101806641,7.997898101806641,3.3727526664733887,6.50386905670166,4.239388465881348,2.290982723236084,5.275529384613037,5.275529384613037,5.933557033538818,5.933557033538818,0.9760368466377258,5.6690545082092285,4.2653679847717285,4.596920490264893,5.7923502922058105,2.8842344284057617,1.087955117225647,4.484875679016113,4.484875679016113,5.653563022613525
6.794528007507324,8.409955024719238,8.409955024719238,6.115480899810791,10.97590160369873,10.97590160369873,7.600715160369873,12.314092636108398,10.696799278259277,2.805724859237671,6.50386905670166,5.988531589508057,1.9281245470046997,5.314284801483154,6.648656368255615,3.204509973526001,3.3380367755889893,4.452831745147705,4.2653679847717285,4.2653679847717285,3.4355525970458984,2.8842344284057617,6.943554401397705,5.405718803405762,4.484875679016113,4.484875679016113,2.740111827850342
6.794528007507324,8.409955024719238,8.409955024719238,6.115480899810791,3.3442914485931396,5.762640953063965,2.9361495971679688,12.314092636108398,9.805743217468262,9.805743217468262,6.746896743774414,4.14745569229126,3.705958127975464,2.1293046474456787,6.648656368255615,4.297799587249756,2.7266690731048584,4.489500522613525,1.9050801992416382,0.9947358965873718,2.9879281520843506,6.8091206550598145,4.921964645385742,5.405718803405762,5.2253098487854,2.740111827850342,2.740111827850342
3.174004077911377,3.5099716186523438,2.8488335609436035,3.0956013202667236,1.173774242401123,2.6293208599090576,4.956475257873535,4.956475257873535,1.9781545400619507,4.391765117645264,4.14745569229126,4.14745569229126,1.4945350885391235,1.4945350885391235,4.297799587249756,4.297799587249756,0.0,6.169511318206787,8.934025764465332,2.9174797534942627,2.381408452987671,5.8204216957092285,3.370128870010376,5.2253098487854,5.2253098487854,1.0927469730377197,3.1890416145324707
1.954140305519104,1.954140305519104,1.3338916301727295,2.117401123046875,0.6206540465354919,2.2553203105926514,3.827298164367676,6.052407264709473,7.522177219390869,8.277618408203125,8.277618408203125,0.6905417442321777,0.6825829744338989,0.4448089599609375,0.36037707328796387,0.0,0.0,3.4950764179229736,8.934025764465332,6.2252278327941895,2.381408452987671,2.5827412605285645,3.740461826324463,2.153799295425415,4.902493476867676,1.705735683441162,3.1890416145324707
3.291217565536499,1.0400135517120361,0.8482556343078613,0.29100877046585083,0.0,0.47862839698791504,0.47862839698791504,9.716856002807617,9.716856002807617,3.8219642639160156,8.281671524047852,0.5723938345909119,0.4448089599609375,0.4448089599609375,0.36037707328796387,1.4303205013275146,1.4303205013275146,3.1867856979370117,3.1867856979370117,2.189271926879883,1.0832997560501099,0.7958858013153076,3.740461826324463,2.9163639545440674,1.705735683441162,3.016474723815918,2.273151397705078
3.442143678665161,1.0400135517120361,2.048602819442749,1.3126307725906372,0.520117461681366,0.5695619583129883,0.4268227815628052,2.6827011108398438,7.546296119689941,6.788655757904053,12.760856628417969,12.760856628417969,0.13766254484653473,0.13766254484653473,0.10730470716953278,1.4303205013275146,4.176391124725342,1.8946329355239868,3.327986001968384,2.4537954330444336,0.6327075362205505,0.3218960165977478,2.9163639545440674,2.9163639545440674,2.200552463531494,2.826828718185425,2.826828718185425
4.063499450683594,4.1411356925964355,0.8354887962341309,1.4724229574203491,1.316222906112671,1.240594744682312,0.4268227815628052,0.6925302743911743,4.5724053382873535,6.788655757904053,12.760856628417969,12.760856628417969,0.8120872974395752,0.9117565751075745,1.28813636302948,2.5287153720855713,1.8946329355239868,4.4733357429504395,3.327986001968384,0.8944244980812073,2.6013975143432617,2.6013975143432617,0.4684877395629883,0.5788196921348572,2.182483196258545,2.826828718185425,5.5808820724487305
1.2541186809539795,8.82136344909668,1.4134773015975952,2.321153163909912,2.321153163909912,1.240594744682312,1.1349437236785889,1.1500352621078491,4.5724053382873535,9.237381935119629,9.237381935119629,6.5154805183410645,10.008803367614746,10.008803367614746,2.252183437347412,2.5287153720855713,2.4760007858276367,3.46710467338562,3.46710467338562,2.8076090812683105,2.6013975143432617,2.6013975143432617,0.6883487701416016,1.8192455768585205,1.3717197179794312,2.558549642562866,8.533720970153809

Channel 51
0.0,0.0,0.0,0.0,0.0,0.0,0.0,0.0,0.0,0.0,0.0,0.0,0.0,0.0,0.0,0.0,0.0,0.0,0.0,0.0,0.0,0.0,0.0,0.0,0.0,0.0,0.0
0.0,0.0,0.0,0.0,0.0,0.0,0.0,0.0,0.0,0.0,0.0,0.0,0.0,0.0,0.34534502029418945,0.0,0.0,0.0,0.0,0.0,0.0,0.0,0.0,0.0,0.0,0.0,0.0
0.0,0.0,0.0,0.0,0.0,0.0,0.0,0.0,0.0,0.0,0.0,0.0,0.0,0.0,0.34534502029418945,0.0,0.0,0.0,0.0,0.0,0.0,0.0,0.0,0.0,0.0,0.0,0.0
0.0,0.0,0.0,0.0,0.0,0.0,0.0,0.0,0.0,0.0,0.0,0.0,0.0,0.8515450954437256,0.8515450954437256,0.0,0.0,0.0,0.0,0.0,0.0,0.0,0.0,0.0,0.0,0.0,0.0
0.0,0.0,0.0,0.0,0.0,0.0,0.0,0.0,0.0,0.0,0.0,0.0,0.0,0.8515450954437256,0.8515450954437256,0.0,0.0,0.0,0.0,0.0,0.0,0.0,0.0,0.0,0.0,0.0,0.0
0.0,0.0,0.0,0.0,0.0,0.0,0.0,0.0,0.0,0.0,0.0,0.0,1.2867815494537354,0.0,0.7008202075958252,0.7008202075958252,0.0,0.3189866542816162,0.0,0.0,1.0115416049957275,0.0,0.0,0.0,0.0,0.0,0.0
0.0,0.0,0.0,0.0,0.0,0.0,0.0,0.0,0.0,0.0,0.0,0.0,0.0,0.0,0.7008202075958252,0.7008202075958252,0.0,0.0,0.0,0.0,1.0115416049957275,0.0,0.0,0.14207255840301514,0.0,0.0,0.0
0.0,0.0,0.0,0.0,0.0,0.0,0.0,0.0,0.0,0.6333904266357422,0.0,0.0,0.0,0.0,0.0,0.0,0.0,0.0,2.654580593109131,2.654580593109131,0.0,0.0,0.0,0.0,0.0,0.0,0.0
0.0,0.0,0.0,0.0,0.0,0.0,0.0,0.0,0.0,0.6333904266357422,0.0,0.0,0.0,1.2149746417999268,1.2149746417999268,0.0,0.0,2.5992798805236816,2.654580593109131,2.654580593109131,0.0,0.0,0.0,0.0,0.0,0.6812624931335449,0.0
0.0,0.0,0.0,0.0,0.0,0.0,0.0,0.0,0.0,0.0,2.022526502609253,2.022526502609253,0.0,1.2149746417999268,1.2149746417999268,0.0,0.0,2.5992798805236816,2.5992798805236816,0.0,0.0,0.0,0.7745699882507324,0.6951789855957031,0.0,0.6812624931335449,0.0
0.0,0.0,0.0,0.0,0.0,0.0,0.0,1.5404255390167236,1.5404255390167236,0.0,2.022526502609253,2.022526502609253,0.0,0.0,0.0,0.0,0.0,0.0,0.0,0.0,0.0,0.0,0.7745699882507324,0.6951789855957031,0.0,0.0,0.0
0.0,0.0,0.0,0.0,0.0,0.0,0.0,1.5404255390167236,1.5404255390167236,0.0,0.0,0.0,0.0,0.0,0.0,0.0,0.0,0.0,0.0,0.0,0.0,0.0,0.0,0.0,0.0,0.040459513664245605,0.0
0.0,0.0,0.0,0.0,0.0,0.0,0.0,0.0,0.0,0.0,0.0,0.0,0.0,0.0,0.0,0.0,0.0,0.0,0.0,0.5037229061126709,0.5037229061126709,0.0,0.0,0.0,0.0,0.0,0.0
0.0,0.32908034324645996,0.0,0.0,0.0,1.98470139503479,0.0,0.0,0.0,0.0,0.0,0.0,0.2646956443786621,0.0,1.3960504531860352,1.3960504531860352,0.12838172912597656,0.8813321590423584,0.0,0.0,0.0,0.0,0.0,0.0,0.07903051376342773,0.0,0.0
0.0,0.7689578533172607,0.7689578533172607,0.9286620616912842,0.9286620616912842,0.0,0.0,0.0,2.3545022010803223,2.2010345458984375,0.0,0.0,3.103316307067871,1.6866676807403564,1.006718635559082,1.006718635559082,0.0,0.0,0.0,0.0,2.8745689392089844,0.0,0.0,0.5240151882171631,0.8577237129211426,0.0,0.0
0.0,0.7689578533172607,1.0803179740905762,0.9286620616912842,0.9286620616912842,0.0,0.0,0.0,2.3545022010803223,2.2010345458984375,0.0,0.0,0.21197271347045898,0.21197271347045898,0.0,0.0,0.0,0.0,0.0,0.0,0.0,0.0,0.0,0.5240151882171631,0.8577237129211426,0.0,0.0
0.0,0.0,0.4229855537414551,0.8901689052581787,0.2357044219970703,0.0,0.0,0.0,0.0,0.0,1.831744909286499,1.26871919631958,0.0,0.0,0.0,0.9824554920196533,0.9824554920196533,0.0,0.0,0.0,0.0,0.0,0.16736078262329102,0.16736078262329102,0.0,0.0,0.0
0.0,0.0,0.3534204959869385,0.8901689052581787,0.2357044219970703,0.0,0.0,0.0,0.0,0.0,1.831744909286499,1.26871919631958,0.23395371437072754,0.0,0.0,0.0,0.0,0.0,0.0,0.0,0.0,0.0,0.0,0.0,0.0,0.0,0.0
0.0,0.0,0.0,0.0,0.0,1.884676218032837,1.5713629722595215,1.433156967163086,1.041550874710083,2.0927157402038574,1.6162526607513428,0.23395371437072754,0.23395371437072754,0.0,0.0,0.0,0.025034189224243164,2.327669143676758,2.327669143676758,0.0,0.0,0.0,0.0,0.0,0.0,0.0,0.0
0.0,0.0,0.0,0.0,0.0,1.5713629722595215,1.5713629722595215,1.433156967163086,1.5183610916137695,2.576540470123291,1.6933538913726807,0.3817014694213867,0.3817014694213867,2.377476215362549,1.7039613723754883,1.058084487915039,0.025034189224243164,2.327669143676758,2.327669143676758,0.0,0.0,0.0,0.0,0.0,0.0,0.0,0.0
0.0,0.0,0.0,0.0,0.0,0.0,0.0,0.0,0.0,1.4509954452514648,1.4509954452514648,2.223177909851074,2.7648801803588867,2.891176700592041,1.7792189121246338,1.221445083618164,1.221445083618164,0.5845441818237305,0.0,0.0,0.0,0.0,0.0,0.0,0.0,0.0,0.0
0.0,0.0,0.0,0.0,0.0,0.0,0.0,0.0,0.0,1.8241758346557617,2.5846943855285645,2.8900928497314453,2.8900928497314453,2.891176700592041,2.037353992462158,2.037353992462158,1.721435546875,1.0298631191253662,0.6788740158081055,0.0,0.0,0.0,0.0,0.0,0.0,0.0,0.0
0.0,0.0,0.0,0.0,0.0,0.0,0.0,0.0,0.9872076511383057,2.879843235015869,2.5846943855285645,2.5846943855285645,2.51943302154541,2.7535886764526367,2.7535886764526367,2.5172972679138184,2.4126815795898438,1.9851117134094238,0.9211404323577881,0.0,0.0,0.0,0.0,0.0,0.0,0.0,0.0
0.0,0.0,0.0,0.0,0.0,0.0,0.0,0.0,1.2829043865203857,2.8115439414978027,2.3153038024902344,3.1686553955078125,3.3204174041748047,3.3204174041748047,3.30844783782959,3.2354469299316406,2.7900009155273438,2.5496773719787598,1.8602263927459717,0.0,0.0,0.0,0.0,0.0,0.0,0.0,0.0
0.0,0.0,0.0,0.0,0.0,0.0,0.0,0.0,0.0,2.2608938217163086,3.4701766967773438,3.412271499633789,3.7654967308044434,3.7654967308044434,3.5281081199645996,3.834197998046875,2.7900009155273438,2.5496773719787598,1.8602263927459717,0.0,0.0,0.0,0.0,0.0,0.0,0.0,0.0
0.0,0.0,0.0,0.0,0.0,0.0,0.0,0.0,0.0,0.0,3.4701766967773438,3.1567587852478027,3.7654967308044434,3.7654967308044434,3.2920336723327637,3.668999195098877,2.5356016159057617,1.4191040992736816,0.6359724998474121,0.0,0.0,0.0,0.0,0.0,0.0,0.0,0.0
0.0,0.0,0.0,0.0,0.0,0.0,0.0,0.0,0.0,0.0,1.13228178024292,1.13228178024292,2.2357397079467773,1.9980108737945557,2.630887508392334,2.630887508392334,0.0,0.0,0.0,0.0,0.0,0.0,0.0,0.0,0.0,0.0,0.0

Channel 52
0.12413448095321655,0.0,0.0,0.0,0.0,0.0,1.684349775314331,2.1814627647399902,2.4341580867767334,2.436856746673584,1.9379680156707764,3.8600170612335205,3.8600170612335205,3.7154440879821777,3.7154440879821777,3.0713841915130615,3.3722658157348633,2.9362220764160156,3.3154523372650146,3.3154523372650146,0.0,0.0,0.0,0.0,0.0,0.0,0.0
0.1445474922657013,0.0,0.0,0.0,0.0,1.5187534093856812,2.440948963165283,3.225055694580078,3.225055694580078,3.332587242126465,4.374966621398926,4.374966621398926,4.956348896026611,4.956348896026611,3.7154440879821777,4.6122331619262695,3.4866833686828613,4.275642395019531,3.683525323867798,3.83321475982666,3.2102210521698,2.6476664543151855,1.2018150091171265,0.0,0.0,0.0,0.0
0.1445474922657013,0.0,0.0,0.0,2.5958073139190674,3.3792130947113037,4.059302806854248,3.5102899074554443,3.32963228225708,4.1431450843811035,4.155205726623535,4.293735980987549,4.956348896026611,4.956348896026611,4.573131561279297,4.6122331619262695,3.4866833686828613,4.275642395019531,4.392324924468994,4.392324924468994,3.483991861343384,3.483991861343384,2.047877550125122,2.047877550125122,0.0,0.0,0.0
0.0,0.11529920995235443,0.0,2.1130502223968506,2.911595344543457,3.443607807159424,4.059302806854248,3.5368804931640625,4.004154682159424,4.1431450843811035,4.155205726623535,4.293735980987549,4.5887579917907715,4.071619033813477,5.010776519775391,5.570781707763672,5.854160308837891,4.926714897155762,4.392324924468994,5.156574249267578,4.593845367431641,4.537408828735352,3.8798718452453613,3.0766959190368652,0.0,0.0,0.0
0.0,0.0,2.2258810997009277,3.615832805633545,3.9623422622680664,3.9623422622680664,4.830698013305664,4.366161346435547,4.004154682159424,4.29957914352417,5.247565746307373,5.247565746307373,5.158451080322266,6.477858543395996,6.477858543395996,5.203277111053467,5.856113433837891,5.856113433837891,5.552217483520508,5.258593559265137,5.0089921951293945,4.849587917327881,3.8798718452453613,3.0766959190368652,2.702360153198242,0.0,0.0
0.0,0.9843087792396545,2.7299888134002686,4.309159755706787,4.420765399932861,4.420765399932861,5.23079776763916,5.2945170402526855,5.2945170402526855,4.29957914352417,5.247565746307373,5.439437389373779,5.158451080322266,6.477858543395996,6.477858543395996,5.203277111053467,5.856113433837891,5.856113433837891,5.73567008972168,5.591233253479004,5.0089921951293945,4.849587917327881,4.705451488494873,3.936058521270752,3.3086791038513184,0.0,0.0
0.0,2.827059745788574,3.2411367893218994,4.704265117645264,4.513828277587891,5.060140609741211,5.23079776763916,5.283560752868652,5.345353603363037,5.119185447692871,5.453053951263428,5.979659080505371,6.1486382484436035,5.980810642242432,5.980810642242432,5.509897708892822,5.493189334869385,5.852447986602783,5.794726848602295,5.935484409332275,5.181459426879883,5.181459426879883,5.764682769775391,3.774902820587158,3.774902820587158,1.5569320917129517,0.0
0.0,2.827059745788574,4.233511924743652,4.598114013671875,4.598114013671875,4.349433422088623,4.349433422088623,5.283560752868652,5.345353603363037,5.119185447692871,5.453053951263428,5.37829065322876,5.683254718780518,5.683254718780518,5.16001033782959,5.948594093322754,5.948594093322754,5.959233283996582,5.794726848602295,5.935484409332275,5.760695934295654,5.181459426879883,5.764682769775391,4.565403938293457,4.044454097747803,2.6805405616760254,0.0
0.2807070016860962,2.3568809032440186,4.367560863494873,4.652963638305664,4.664878845214844,4.664878845214844,4.396751403808594,4.787685394287109,5.791374206542969,5.791374206542969,4.782843589782715,5.168397426605225,5.683254718780518,5.683254718780518,5.50888729095459,6.441249847412109,6.441249847412109,5.959233283996582,5.987060546875,7.020198345184326,6.136069297790527,5.398967266082764,4.884878635406494,4.247797012329102,4.1962785720825195,0.6195846199989319,0.0
0.8971506357192993,3.608933925628662,4.367560863494873,4.955631732940674,4.551991939544678,4.725458145141602,5.426305294036865,5.426305294036865,5.791374206542969,5.791374206542969,4.602047443389893,5.168397426605225,6.300163269042969,6.802218437194824,6.681235313415527,6.441249847412109,6.796154022216797,6.796154022216797,6.262972831726074,7.020198345184326,6.136069297790527,5.398967266082764,4.884878635406494,4.024261951446533,3.054527997970581,3.054527997970581,0.15477043390274048
1.584815263748169,3.7717690467834473,5.576046466827393,5.576046466827393,5.51717472076416,4.689422607421875,4.954507827758789,4.251666069030762,4.502285480499268,4.977485179901123,6.243921756744385,6.243921756744385,6.119141101837158,6.802218437194824,6.681235313415527,5.791210174560547,6.796154022216797,6.796154022216797,6.26922082901001,6.072939395904541,5.6602396965026855,5.057375907897949,5.395345687866211,5.395345687866211,3.226038694381714,3.054527997970581,0.5502845644950867
1.584815263748169,3.5488953590393066,6.1069440841674805,6.1069440841674805,5.949234962463379,6.281339168548584,5.58868408203125,5.973116397857666,5.973116397857666,4.977485179901123,6.243921756744385,6.243921756744385,3.7475874423980713,3.3095479011535645,4.6410136222839355,4.6410136222839355,5.153585910797119,5.973322868347168,6.072939395904541,6.072939395904541,5.840817928314209,6.118899345397949,5.395345687866211,5.395345687866211,3.226038694381714,2.432645797729492,0.5159677267074585
1.2807672023773193,3.3382482528686523,3.3382482528686523,4.546835422515869,5.949234962463379,6.281339168548584,5.58868408203125,5.973116397857666,5.973116397857666,4.051836967468262,3.5659186840057373,3.5659186840057373,3.9121036529541016,3.5660946369171143,4.6410136222839355,4.6410136222839355,3.534381628036499,4.701535701751709,5.503480911254883,5.503480911254883,5.840817928314209,6.118899345397949,4.968260288238525,1.1956427097320557,2.432645797729492,2.432645797729492,0.2899894118309021
1.4472458362579346,2.680772066116333,5.55845832824707,5.55845832824707,5.811399936676025,4.943619251251221,4.943619251251221,5.6949076652526855,5.318028926849365,5.217067718505859,3.606301784515381,5.472829818725586,4.087955474853516,4.087955474853516,3.9944872856140137,3.8256723880767822,4.735206127166748,5.038084030151367,5.647806167602539,5.831638336181641,5.817553997039795,5.702950477600098,3.5836446285247803,4.489776134490967,1.8831658363342285,0.38121986389160156,0.5860597491264343
1.4472458362579346,0.9899536967277527,4.588055610656738,4.594686508178711,6.6327972412109375,6.8095269203186035,6.299622535705566,5.6949076652526855,5.217067718505859,5.947943210601807,3.6771292686462402,5.472829818725586,3.557687997817993,3.9383373260498047,3.9383373260498047,3.674078941345215,4.961393356323242,5.370206832885742,6.103997707366943,6.103997707366943,5.3976030349731445,5.435220718383789,3.83992600440979,4.489776134490967,2.098472833633423,0.38121986389160156,0.4463018774986267
1.2153213024139404,1.4181967973709106,2.5194005966186523,5.8575053215026855,5.8575053215026855,4.910783290863037,6.4564337730407715,6.4564337730407715,5.993377208709717,6.023262023925781,5.670367240905762,5.670367240905762,4.398962020874023,5.048132419586182,5.669877052307129,5.84202241897583,5.849470138549805,6.314391613006592,6.103997707366943,6.444785118103027,6.632035255432129,5.435220718383789,3.83992600440979,1.9157342910766602,0.44341182708740234,0.0,0.15339155495166779
0.0,1.4181967973709106,1.4181967973709106,5.8575053215026855,5.8575053215026855,4.930675506591797,5.5094733238220215,6.630429744720459,6.630429744720459,6.352707862854004,5.670367240905762,6.05584716796875,4.276353359222412,5.378514289855957,6.602060317993164,6.602060317993164,5.849470138549805,6.314391613006592,5.818788528442383,4.511215686798096,4.154058933258057,2.8240485191345215,1.133346438407898,0.2616080045700073,0.44341182708740234,0.035929709672927856,0.491219699382782
0.0,0.0,0.0,1.3609737157821655,2.129875898361206,4.930675506591797,4.930675506591797,5.5733418464660645,6.352707862854004,6.352707862854004,5.917122840881348,5.917122840881348,4.814718723297119,5.851180553436279,6.602060317993164,6.602060317993164,4.899599552154541,4.899599552154541,3.9388952255249023,4.511215686798096,4.154058933258057,1.1601639986038208,0.6057511568069458,0.06652247905731201,0.2189856618642807,0.01220642775297165,0.1237272173166275
0.0,0.0,0.0,0.7039244174957275,0.7021940350532532,0.6064662933349609,3.1842987537384033,5.385214805603027,4.993749141693115,3.7733654975891113,5.917122840881348,5.917122840881348,4.832726001739502,4.454305648803711,4.454305648803711,3.9699320793151855,3.9699320793151855,1.125881314277649,0.2786107063293457,0.2786107063293457,0.26395344734191895,1.1601639986038208,0.5728716254234314,0.0,0.0,0.0,0.1153319776058197
0.0,0.0,0.0,0.0,0.2513517737388611,0.7254139184951782,0.7254139184951782,2.3505032062530518,2.3505032062530518,0.5203990340232849,2.2530152797698975,2.2530152797698975,0.8312640190124512,0.35981082916259766,0.6120253801345825,0.004308953881263733,0.0,0.7949173450469971,0.7949173450469971,0.2786107063293457,0.26890289783477783,0.26890289783477783,0.0,0.0,0.0,0.0,0.0
0.0,0.11777998507022858,0.0,0.0,0.0,0.0,0.32375359535217285,0.32375359535217285,0.5203990340232849,0.5203990340232849,0.0,0.0,0.3028201460838318,0.7253119945526123,0.7253119945526123,0.004308953881263733,0.0,0.11368803679943085,0.11368803679943085,0.7542741298675537,0.7542741298675537,0.8998723030090332,0.8998723030090332,0.06997007131576538,0.0,0.0,0.17873911559581757
0.05051101744174957,0.045508310198783875,0.0,0.2168150693178177,0.2168150693178177,0.0,0.0,0.0,0.0,0.0,0.0,0.0,0.0,0.0,0.0,0.0,0.0,0.0,0.0,0.7542741298675537,0.7542741298675537,0.8998723030090332,0.8998723030090332,0.06997007131576538,0.0,0.0,0.0
0.045508310198783875,0.045508310198783875,0.0,0.34194469451904297,0.2168150693178177,0.06723523139953613,0.06723523139953613,0.0,0.0,0.0,0.0,0.0,0.0,0.0,0.0,0.0,0.0,0.0,0.0,0.0,0.0,0.0,0.23893816769123077,0.23893816769123077,0.0,0.0,0.0
0.0,0.0,0.0,0.0,0.0,0.0,0.0,0.0,0.4528762698173523,0.4528762698173523,0.0,0.0,0.0,0.0,0.0,0.0,0.0,0.0,0.0,0.0,0.0,0.0,0.23893816769123077,0.23893816769123077,0.0,0.0,0.0
0.0,0.5858933925628662,0.2482648640871048,0.0,0.0,0.0,0.0,0.0,0.4528762698173523,1.1696985960006714,0.0,0.0,0.0,0.0,0.0,0.0,0.06479847431182861,0.06479847431182861,0.0,0.0,0.0,0.0,0.0,0.0,0.3296511769294739,0.3296511769294739,0.0
0.0,0.5858933925628662,0.2994692921638489,0.0,0.0,0.0,0.0,0.0,0.0,0.3288135528564453,0.0,0.19016210734844208,0.0,0.0,0.0,0.0,0.06479847431182861,0.06479847431182861,0.0,0.0,0.0,0.0,0.0,0.0,0.49833500385284424,0.49833500385284424,0.2775784134864807
0.0,0.4722056984901428,0.1813272088766098,0.0,0.0,0.0,0.0,0.0,0.0,0.22307078540325165,0.22307078540325165,0.15829963982105255,0.015711411833763123,0.0,0.0,0.0,0.0,0.0,0.0,0.0,0.0,0.0,0.0,0.0,0.0,0.0,0.2775784134864807

Channel 53
0.0,0.0,0.0,0.0,0.319895476102829,0.7041999101638794,0.7041999101638794,1.6915239095687866,1.6915239095687866,1.042555332183838,1.807303547859192,0.3704592287540436,1.2342957258224487,1.6517164707183838,1.0603598356246948,1.2572100162506104,2.1308653354644775,1.4440999031066895,0.8525941371917725,2.0080363750457764,2.0080363750457764,0.21243324875831604,0.1330941915512085,0.0,0.2519703209400177,0.2519703209400177,0.09798385947942734
0.0,0.0,0.0,0.0,0.0,0.7041999101638794,0.7041999101638794,1.6915239095687866,1.6915239095687866,0.038120850920677185,1.807303547859192,0.3704592287540436,1.2342957258224487,1.6517164707183838,1.4610514640808105,1.2817622423171997,1.0572601556777954,0.8525941371917725,0.8525941371917725,2.0080363750457764,2.0080363750457764,0.21243324875831604,0.4049389362335205,0.4049389362335205,0.0,0.0,0.0
0.7305989265441895,0.7305989265441895,0.0,0.9984627366065979,1.2078748941421509,0.0,0.0,0.0,0.0,0.038120850920677185,0.038120850920677185,2.2123849391937256,0.6357843279838562,0.20532405376434326,1.4610514640808105,1.2817622423171997,1.3770745992660522,0.5598809719085693,0.5598809719085693,2.1873509883880615,2.1873509883880615,0.67276531457901,1.0926272869110107,1.0926272869110107,0.0,0.0,0.0
0.7305989265441895,0.7305989265441895,0.0,0.9984627366065979,0.9984627366065979,0.0,0.0,0.0,0.0,0.2717689275741577,1.174453616142273,0.9672762751579285,0.9672762751579285,0.2631398141384125,0.9894828200340271,0.9511391520500183,1.3770745992660522,0.0,1.3848183155059814,2.1873509883880615,2.1873509883880615,0.67276531457901,0.67276531457901,0.32489293813705444,0.32489293813705444,0.0,0.0
0.0,0.8048050999641418,1.7990483045578003,0.0,0.0,0.0,0.0,0.32169464230537415,1.234641194343567,0.2717689275741577,1.174453616142273,0.9672762751579285,0.9672762751579285,2.8228869438171387,2.8228869438171387,0.0,1.3566176891326904,0.7304766774177551,1.3848183155059814,0.5723091959953308,0.5723091959953308,0.0,0.821739912033081,0.32489293813705444,0.32489293813705444,0.0,0.0
0.34025877714157104,1.2781047821044922,1.7990483045578003,0.0,0.0,0.8213216066360474,0.8213216066360474,0.32169464230537415,1.234641194343567,0.6675673723220825,0.4695398509502411,1.3558305501937866,1.3558305501937866,0.0,1.8137707710266113,1.8137707710266113,0.41965529322624207,2.503553867340088,0.9563947319984436,1.7209144830703735,1.7209144830703735,0.0,0.821739912033081,0.1338692009449005,1.580024242401123,1.580024242401123,0.0
0.34025877714157104,0.0,0.833992600440979,0.833992600440979,0.0,0.8213216066360474,0.8213216066360474,0.0,1.3312097787857056,0.6675673723220825,0.7223243117332458,1.3558305501937866,1.3558305501937866,0.0,1.8137707710266113,1.8137707710266113,0.41965529322624207,2.503553867340088,0.9563947319984436,1.7209144830703735,1.7209144830703735,0.0,1.518446683883667,1.518446683883667,1.580024242401123,1.580024242401123,0.0
0.08228685706853867,1.3745352029800415,0.0,0.338544100522995,0.0,0.0,0.0,0.0,0.9305961728096008,1.233345627784729,0.0,1.352673888206482,1.352673888206482,0.0,0.0,0.0,0.0,0.0,1.7387216091156006,0.7321719527244568,0.0,0.7597962617874146,0.6627603769302368,0.6627603769302368,0.0,0.5425344109535217,0.5425344109535217
0.08228685706853867,0.4859808385372162,0.0,0.338544100522995,0.0,0.0,0.9019312858581543,0.9019312858581543,2.1953701972961426,2.1953701972961426,0.0,1.352673888206482,1.352673888206482,2.596569061279297,2.596569061279297,0.0,1.8686914443969727,1.8686914443969727,2.5727500915527344,2.1724228858947754,0.1457405835390091,1.7602423429489136,0.0,0.0,2.16689395904541,2.16689395904541,0.7325718998908997
0.09912094473838806,0.4859808385372162,0.0,0.03363741934299469,1.5858361721038818,0.0,0.792148232460022,0.556631863117218,0.0,0.0,1.5769636631011963,1.5769636631011963,0.0,2.596569061279297,2.596569061279297,0.0,1.8686914443969727,3.140336036682129,3.140336036682129,0.3790605068206787,0.18729832768440247,0.0,2.1977694034576416,1.8589826822280884,2.16689395904541,2.16689395904541,0.3174114227294922
0.09912094473838806,0.09912094473838806,0.0,0.03363741934299469,1.5858361721038818,0.20301702618598938,0.20301702618598938,0.692457377910614,0.692457377910614,0.2719472348690033,1.71379554271698,1.5769636631011963,0.18315476179122925,0.0,0.0,0.13502787053585052,0.0,1.2248201370239258,1.2248201370239258,0.0,0.18729832768440247,0.37785497307777405,2.1977694034576416,1.8589826822280884,0.8276051878929138,0.49918457865715027,0.0
1.006636381149292,1.006636381149292,0.0,0.0,0.0,2.100346803665161,0.20301702618598938,2.3801424503326416,2.3801424503326416,0.032271578907966614,0.08398018777370453,1.1406854391098022,1.1406854391098022,0.6424838900566101,0.6424838900566101,1.3652783632278442,0.3798801302909851,0.0,0.0,0.0,0.0,0.712587833404541,0.4186757206916809,0.0,1.5048431158065796,1.5048431158065796,0.7602418065071106
1.006636381149292,1.006636381149292,1.4527075290679932,1.4527075290679932,0.0,0.0,0.0,1.1763309240341187,0.1973753571510315,0.7848292589187622,1.3648539781570435,1.660983920097351,1.660983920097351,0.8144124150276184,0.6424838900566101,0.8097792863845825,0.417301207780838,0.417301207780838,0.0,1.1497963666915894,0.9857812523841858,0.6495790481567383,0.7166525721549988,1.0295313596725464,1.3795303106307983,1.3974109888076782,1.3974109888076782
1.136029601097107,1.715029001235962,1.4527075290679932,1.4527075290679932,0.5293954014778137,2.0265839099884033,0.6245032548904419,0.6245032548904419,0.1964651346206665,0.7848292589187622,1.3648539781570435,1.2337477207183838,0.8596302270889282,0.39427483081817627,2.4376471042633057,2.4376471042633057,2.2928309440612793,2.2928309440612793,0.0,1.1497963666915894,0.9857812523841858,1.3430638313293457,0.7166525721549988,1.1186729669570923,1.3795303106307983,1.3795303106307983,0.0
1.136029601097107,1.715029001235962,0.4838094413280487,0.9305851459503174,0.9305851459503174,1.4068527221679688,0.4194057881832123,0.4194057881832123,2.9139156341552734,1.3746566772460938,0.4383498430252075,1.6532378196716309,2.683897018432617,1.4695463180541992,2.4376471042633057,2.4376471042633057,1.8740222454071045,1.8740222454071045,0.06447184085845947,1.8547581434249878,2.048558473587036,0.36139976978302,0.6311476230621338,1.4337695837020874,1.4947896003723145,0.4776795208454132,0.0
0.0,1.8803402185440063,1.8803402185440063,0.9305851459503174,0.9305851459503174,1.4676966667175293,1.4676966667175293,1.25150465965271,2.964010715484619,1.4705121517181396,0.622646152973175,1.6532378196716309,2.5134801864624023,1.5379328727722168,1.1558769941329956,1.1558769941329956,0.026683082804083824,1.2635879516601562,0.0,1.8547581434249878,2.048558473587036,0.7078704237937927,1.3702529668807983,1.4337695837020874,1.4947896003723145,0.0,0.0
0.04868354648351669,0.5351454615592957,1.4998700618743896,2.2055788040161133,0.759577751159668,1.4676966667175293,1.4676966667175293,0.13615049421787262,1.1288173198699951,0.0,1.6568368673324585,0.5110577940940857,0.41116058826446533,0.41116058826446533,0.0,1.4855631589889526,1.4855631589889526,1.5534660816192627,0.1230277493596077,0.204895481467247,0.2690434157848358,1.1337083578109741,1.5343321561813354,0.7447438836097717,0.7447438836097717,0.0,0.0
0.04868354648351669,1.6167519092559814,1.4998700618743896,2.2055788040161133,0.8661622405052185,1.7207297086715698,1.1923513412475586,1.1923513412475586,0.952703058719635,0.0,1.6568368673324585,1.113338589668274,1.113338589668274,0.7470259070396423,0.024531764909625053,0.9656211733818054,0.9656211733818054,1.5534660816192627,0.22178392112255096,0.24283190071582794,0.4632340669631958,0.7061311602592468,0.13114911317825317,0.0,0.0,0.0,0.0
0.02052375115454197,1.6167519092559814,0.8560241460800171,0.8560241460800171,0.2904764711856842,2.0738253593444824,2.0738253593444824,0.9289820194244385,0.952703058719635,1.1594860553741455,0.8250665068626404,1.113338589668274,1.113338589668274,0.6273979544639587,0.024531764909625053,0.0,0.6376613974571228,1.654840111732483,1.6258394718170166,0.0,0.4632340669631958,0.0,0.0,0.5527147054672241,0.5527147054672241,0.0,0.03497466444969177
0.0,0.3640502095222473,1.2048174142837524,0.46013525128364563,0.0,0.8497432470321655,0.8497432470321655,0.3672252595424652,0.6551268100738525,2.964367389678955,1.6668241024017334,0.9015942811965942,1.3487739562988281,1.9692004919052124,1.214870810508728,0.5854717493057251,0.6376613974571228,1.654840111732483,1.443694829940796,0.0,0.0,0.8199198842048645,0.8199198842048645,0.5527147054672241,0.5527147054672241,0.0,0.03497466444969177
0.0,0.0,0.7593856453895569,0.46013525128364563,0.3228720426559448,1.1542834043502808,1.1542834043502808,0.0,0.7425628304481506,3.550368309020996,3.0354621410369873,3.100703239440918,3.100703239440918,2.652282238006592,2.0241668224334717,2.8037352561950684,2.784058094024658,2.1132278442382812,0.0,0.0,0.0,0.8199198842048645,0.8199198842048645,0.3565438985824585,0.14592868089675903,0.14592868089675903,0.0
0.0,0.0,0.5332257151603699,1.4655976295471191,1.995436191558838,1.1542834043502808,1.1542834043502808,0.0,3.1308658123016357,3.550368309020996,3.2883012294769287,3.4835898876190186,3.100703239440918,3.431286334991455,3.2195773124694824,3.222752571105957,3.113748073577881,3.0060770511627197,0.4799233675003052,0.0,0.0,0.0,0.0,0.0,0.14592868089675903,0.14592868089675903,0.0
0.0,0.48063135147094727,0.5332257151603699,1.1764682531356812,1.1450159549713135,0.4393078088760376,0.4393078088760376,0.0,3.458163261413574,3.4631879329681396,3.67295503616333,3.877288579940796,3.6655750274658203,3.6202921867370605,3.5403783321380615,3.5599074363708496,3.738663911819458,3.738663911819458,2.4743669033050537,0.5979868173599243,0.0,0.0,0.0,0.0,0.0,0.0,0.0
0.8075206875801086,1.194836974143982,0.6012820601463318,0.6012820601463318,0.42596399784088135,0.33067068457603455,0.6782936453819275,0.6782936453819275,2.6941330432891846,2.9470531940460205,3.67295503616333,3.9051742553710938,3.9580302238464355,3.9580302238464355,3.905299186706543,3.905299186706543,3.9324982166290283,3.760737657546997,2.4743669033050537,0.5979868173599243,0.0,0.0,0.0,0.0,0.0,0.0,0.0
0.9572014808654785,1.194836974143982,0.7446820735931396,0.7446820735931396,0.4803333580493927,0.48301616311073303,0.6782936453819275,0.6782936453819275,0.6075077056884766,2.9249889850616455,3.4411609172821045,4.078941822052002,4.101668357849121,4.107621192932129,4.1711602210998535,4.170845031738281,3.9324982166290283,3.760737657546997,1.9559402465820312,0.0,0.0,0.0,0.0,0.0,0.0,0.0,0.0
0.6119127869606018,0.523868203163147,0.7446820735931396,0.7446820735931396,0.5449885725975037,0.4914240539073944,0.23239727318286896,0.6358717083930969,0.6358717083930969,2.0016002655029297,4.058403015136719,4.078941822052002,4.101668357849121,4.101668357849121,4.041403293609619,3.8421225547790527,3.5002236366271973,2.1770689487457275,0.9083366394042969,0.0,0.0,0.0,0.0,0.0,0.0,0.0,0.0
0.6119127869606018,0.10801254957914352,0.7373350262641907,0.7373350262641907,0.5407466888427734,0.4914240539073944,0.21880006790161133,0.3727568984031677,0.4157595634460449,1.155960202217102,4.058403015136719,2.4411747455596924,2.4411747455596924,3.0941178798675537,2.482015609741211,2.482015609741211,1.2683775424957275,1.1850576400756836,0.36259445548057556,0.0,0.0,0.6423859596252441,0.6423859596252441,0.7684658765792847,0.7684658765792847,0.48473599553108215,0.0

Channel 54
2.760162830352783,1.5478631258010864,1.217968463897705,2.3751044273376465,2.4101450443267822,2.007499933242798,2.007499933242798,2.1218483448028564,1.0659887790679932,3.507251024246216,3.598255157470703,2.321712017059326,2.244576930999756,1.617240309715271,1.5448799133300781,1.3962626457214355,1.4136710166931152,1.2533372640609741,1.2533372640609741,2.016972541809082,2.7002315521240234,3.251460552215576,3.0200765132904053,1.366970419883728,1.887514591217041,1.9127124547958374,2.0794687271118164
0.8862486481666565,0.30564016103744507,2.9147844314575195,3.2846500873565674,1.2250643968582153,1.9138723611831665,1.9138723611831665,2.1218483448028564,1.2693912982940674,3.507251024246216,3.598255157470703,2.321712017059326,1.8320270776748657,0.21477243304252625,1.3962626457214355,1.3962626457214355,0.8596334457397461,0.36858081817626953,0.3529227375984192,0.3529227375984192,1.0326650142669678,3.0200765132904053,3.0200765132904053,2.555751323699951,1.5321139097213745,1.4085360765457153,1.62063467502594
8.04161548614502,4.076796054840088,1.0982681512832642,0.4633021056652069,1.2250643968582153,1.371955394744873,1.371955394744873,0.7866416573524475,0.7866416573524475,1.1518223285675049,0.9656968712806702,1.969168782234192,1.8320270776748657,2.8001673221588135,3.1157422065734863,1.5174940824508667,1.5174940824508667,0.9689720273017883,0.5791577696800232,0.40878838300704956,0.40878838300704956,0.0,0.0,1.5321139097213745,1.5321139097213745,1.5174674987792969,1.62063467502594
4.076796054840088,4.076796054840088,2.4445557594299316,0.7279050350189209,0.8395719528198242,1.371955394744873,1.6557315587997437,1.6557315587997437,0.8186051249504089,1.318936824798584,1.6162312030792236,1.969168782234192,1.4899545907974243,1.4068459272384644,0.9030647873878479,0.9467470049858093,0.9467470049858093,0.9689720273017883,0.5791577696800232,0.5941314101219177,0.45391198992729187,0.3229823708534241,0.06556392461061478,1.6114639043807983,1.7430899143218994,1.7430899143218994,0.7348283529281616
1.170048713684082,2.4445557594299316,2.4445557594299316,0.7279050350189209,0.8395719528198242,0.2759202718734741,1.6557315587997437,1.6557315587997437,1.5945931673049927,1.318936824798584,1.6162312030792236,1.6404410600662231,1.090097427368164,1.740780234336853,1.740780234336853,0.9479660391807556,1.50028657913208,0.852295458316803,1.8305160999298096,0.8107985258102417,0.45391198992729187,0.5489741563796997,1.5863227844238281,1.6114639043807983,1.6114639043807983,1.4070247411727905,2.009099245071411
1.4741716384887695,0.0,0.24239394068717957,0.30899086594581604,0.2364303171634674,1.4313820600509644,1.3707633018493652,1.5945931673049927,1.5945931673049927,0.13610053062438965,0.1382511556148529,0.7103569507598877,0.7103569507598877,0.9377314448356628,1.1616978645324707,0.9479660391807556,1.50028657913208,0.6781560778617859,0.1778719425201416,0.30748844146728516,0.30748844146728516,0.5489741563796997,1.5863227844238281,1.098022699356079,1.2049262523651123,1.2049262523651123,0.3237018585205078
1.4741716384887695,1.2602601051330566,0.2008982002735138,0.30899086594581604,0.13596081733703613,0.20816496014595032,0.20816496014595032,0.13428142666816711,0.2451024353504181,0.13610053062438965,0.1382511556148529,0.0,0.0,0.9377314448356628,1.1616978645324707,0.9386726021766663,0.1026538833975792,0.3884698748588562,0.7508296966552734,0.7389621138572693,0.919266939163208,0.34711143374443054,0.3551514446735382,0.5830008387565613,0.1531846523284912,0.3237018585205078,0.3237018585205078
1.0256823301315308,1.0256823301315308,0.09729231148958206,0.17103108763694763,0.5292325615882874,0.5292325615882874,0.0,0.18568378686904907,1.985244631767273,1.985244631767273,0.1639702022075653,0.9165363907814026,0.9165363907814026,0.8751404881477356,0.8751404881477356,0.6644940972328186,0.16061502695083618,0.5186246037483215,0.7508296966552734,0.578572154045105,0.578572154045105,0.2761969268321991,0.3551514446735382,0.0,0.08137547224760056,0.0,0.29550185799598694
1.0216913223266602,1.4200987815856934,1.4200987815856934,0.7087486982345581,0.8240783214569092,0.47066745162010193,0.9160674214363098,0.48546960949897766,1.985244631767273,1.985244631767273,0.2044331133365631,0.8412107229232788,0.8412107229232788,0.5939596891403198,0.6644940972328186,0.6644940972328186,0.3131536543369293,1.344931960105896,1.1263014078140259,0.38591188192367554,0.5804134607315063,0.3054606020450592,0.899321973323822,0.899321973323822,0.5670161843299866,0.5670161843299866,1.2904493808746338
1.73651123046875,1.4200987815856934,1.4200987815856934,0.6688054203987122,0.8240783214569092,0.15303033590316772,0.1977928876876831,0.02902194857597351,0.06253331154584885,0.7765861749649048,0.9424822926521301,0.4950256645679474,0.19404706358909607,0.1749194860458374,0.041058629751205444,0.10757633298635483,0.6314992904663086,1.344931960105896,1.123724102973938,0.9900941252708435,1.2727711200714111,0.774941086769104,1.1812634468078613,0.899321973323822,0.45021095871925354,0.2728014588356018,0.7066316604614258
1.4884001016616821,0.5236708521842957,0.14254051446914673,0.6288564801216125,0.6288564801216125,0.3190058171749115,0.1977928876876831,0.6933789253234863,0.6933789253234863,0.3608292043209076,0.5240278244018555,0.41029196977615356,0.2160111963748932,0.256960928440094,0.5080708861351013,0.8361089825630188,0.17381170392036438,0.1273004710674286,0.14999568462371826,0.9900941252708435,1.2727711200714111,1.0989649295806885,0.6975610256195068,0.6392549872398376,1.894776463508606,3.413662910461426,1.7909921407699585
1.0478558540344238,1.0478558540344238,0.17153111100196838,0.13154223561286926,0.617444634437561,0.617444634437561,0.8705980777740479,0.8705980777740479,0.6933789253234863,0.3608292043209076,0.5240278244018555,0.4954792559146881,0.4954792559146881,0.4923400580883026,0.6993147730827332,0.8472175002098083,0.19002020359039307,0.12573525309562683,0.12573525309562683,0.04933405667543411,0.2931656539440155,0.4415149390697479,0.9480583071708679,1.4518637657165527,1.894776463508606,3.413662910461426,1.7909921407699585
1.0724515914916992,1.0724515914916992,1.2511552572250366,1.3399450778961182,1.3400750160217285,1.3400750160217285,0.8705980777740479,0.8705980777740479,0.38199537992477417,0.43371644616127014,0.18637999892234802,0.12113466113805771,0.4923400580883026,0.8225448727607727,0.8225448727607727,0.6985507607460022,0.35111480951309204,0.35111480951309204,0.11615289002656937,0.00918007642030716,0.5896741151809692,0.98030024766922,0.98030024766922,1.3233938217163086,1.4813470840454102,1.1972360610961914,0.6892312169075012
1.6326320171356201,1.6326320171356201,1.092058777809143,1.039014220237732,1.3400750160217285,1.3400750160217285,0.530950129032135,0.530950129032135,1.2836650609970093,1.2836650609970093,0.4600417912006378,0.403119295835495,1.1924830675125122,1.1924830675125122,0.4188767969608307,0.4188767969608307,0.2108646035194397,0.23296427726745605,0.48750993609428406,0.4259226620197296,0.20953381061553955,0.98030024766922,0.98030024766922,0.0,1.8520702123641968,1.6368234157562256,1.6368234157562256
0.6755948066711426,0.0,0.07733633369207382,0.8358520269393921,0.20898017287254333,0.012276135385036469,0.7154685854911804,0.7154685854911804,0.7009178400039673,0.0,0.2131676971912384,0.403119295835495,1.551832675933838,1.1924830675125122,0.6496608853340149,0.6496608853340149,0.38731709122657776,1.4330029487609863,0.6701838970184326,1.0839427709579468,1.0839427709579468,0.07116635888814926,2.1320526599884033,2.1320526599884033,3.5038373470306396,6.4057745933532715,1.6368234157562256
0.6755948066711426,0.0,0.28992730379104614,1.3049241304397583,1.3049241304397583,0.8354410529136658,0.3863438665866852,0.3863438665866852,0.28781548142433167,0.4458429515361786,0.551609456539154,0.22735607624053955,0.22534555196762085,0.43085548281669617,0.6496608853340149,1.021651268005371,2.1229212284088135,2.1229212284088135,1.044705867767334,1.0839427709579468,1.602406620979309,1.602406620979309,1.4217793941497803,2.230631113052368,2.873673439025879,1.667574167251587,0.0018520504236221313
5.440291404724121,2.9514622688293457,3.2680907249450684,1.8654742240905762,1.3049241304397583,0.9903680682182312,0.8136587142944336,0.8255922198295593,0.824180006980896,2.164095163345337,2.4953808784484863,1.649107813835144,1.649107813835144,1.3983080387115479,1.44780695438385,1.44780695438385,0.8752797842025757,0.8752797842025757,1.4860923290252686,1.5817509889602661,1.809752345085144,1.602406620979309,1.3858633041381836,1.3697189092636108,0.5892234444618225,0.22297382354736328,0.4361182153224945
3.1865153312683105,2.1435742378234863,1.8719072341918945,1.6156470775604248,4.589832305908203,4.589832305908203,1.4852575063705444,1.7198426723480225,2.0202362537384033,1.881643295288086,1.28545081615448,1.649107813835144,1.649107813835144,1.3983080387115479,0.7174773216247559,1.0566447973251343,0.8544707298278809,1.694482684135437,1.694482684135437,1.5817509889602661,1.5817509889602661,0.0,0.47133901715278625,0.5892234444618225,0.5892234444618225,0.1347505748271942,0.20581814646720886
1.0342820882797241,1.5041345357894897,2.822333812713623,2.822333812713623,2.647397994995117,2.647397994995117,3.750349283218384,4.359894275665283,3.087012767791748,2.748811960220337,1.28545081615448,1.8895856142044067,1.8895856142044067,3.72499942779541,5.006530284881592,6.631141185760498,3.3659427165985107,2.4697320461273193,2.6147396564483643,2.4991776943206787,1.9636427164077759,0.72596675157547,0.72596675157547,0.20267510414123535,0.4426160156726837,2.9310169219970703,4.136934280395508
1.5741406679153442,1.438116192817688,3.1193244457244873,3.817634344100952,3.3436503410339355,1.915945291519165,3.0511398315429688,4.359894275665283,3.087012767791748,1.813141107559204,2.6760590076446533,2.6760590076446533,1.9892596006393433,3.72499942779541,5.006530284881592,6.631141185760498,3.3659427165985107,1.9407023191452026,2.4991776943206787,2.4991776943206787,0.09234391897916794,0.4336138069629669,0.623968780040741,0.27268439531326294,0.786022424697876,2.9310169219970703,4.136934280395508
1.925453782081604,1.3591934442520142,1.2625610828399658,1.3934872150421143,2.530916452407837,2.530916452407837,1.32066011428833,0.2758040130138397,1.3761675357818604,1.3761675357818604,2.6760590076446533,2.6760590076446533,1.9892596006393433,2.0847246646881104,3.142230987548828,2.1688239574432373,2.1688239574432373,1.489745020866394,1.489745020866394,0.5445822477340698,0.80962735414505,0.9112906455993652,3.145354747772217,2.237626791000366,0.786022424697876,0.3946789503097534,1.7365127801895142
1.1030062437057495,2.147732734680176,1.2625610828399658,1.3934872150421143,2.530916452407837,2.530916452407837,0.3834654688835144,0.3353090286254883,0.5596715807914734,0.935849130153656,0.935849130153656,1.0631887912750244,1.676908254623413,2.0847246646881104,2.0847246646881104,0.4269450902938843,0.8047437071800232,1.489745020866394,1.489745020866394,0.5445822477340698,0.80962735414505,0.9112906455993652,3.145354747772217,2.237626791000366,2.0037333965301514,1.9741877317428589,1.7365127801895142
1.2020589113235474,2.147732734680176,0.5464165210723877,0.7245975732803345,0.7245975732803345,0.38355961441993713,0.38355961441993713,0.3353090286254883,0.5596715807914734,0.6673876047134399,0.6673876047134399,0.34555813670158386,0.4077530801296234,0.14378449320793152,0.14378449320793152,0.0,0.1059298887848854,0.8440165519714355,3.4899802207946777,2.9882872104644775,0.45936641097068787,0.27644407749176025,0.07555627077817917,0.3914810121059418,4.093338489532471,4.093338489532471,1.3012951612472534
2.032841205596924,2.032841205596924,0.7506064772605896,0.7245975732803345,0.7245975732803345,0.38355961441993713,3.9933605194091797,3.9933605194091797,1.0658397674560547,1.0658397674560547,0.3291856050491333,0.34555813670158386,0.34555813670158386,0.7520408034324646,0.7520408034324646,0.3068472445011139,0.3068472445011139,1.0761970281600952,3.4899802207946777,2.9882872104644775,1.1583302021026611,0.3492240011692047,0.2961096465587616,1.087935209274292,4.093338489532471,4.093338489532471,2.5615358352661133
2.032841205596924,2.032841205596924,0.9536532759666443,0.20545154809951782,0.8151960372924805,0.8560137152671814,0.32380619645118713,0.046695858240127563,1.0658397674560547,1.0658397674560547,1.0072931051254272,0.3767634928226471,0.00992092490196228,0.7520408034324646,0.7520408034324646,0.6244760751724243,1.1895161867141724,0.9702003598213196,1.5956732034683228,0.540274977684021,0.41425660252571106,0.3325340151786804,1.7029112577438354,1.7029112577438354,1.503082036972046,3.9045958518981934,2.5615358352661133
0.5610285401344299,0.3825228214263916,0.0,0.6338298320770264,0.6338298320770264,0.3106112480163574,0.2947852611541748,0.30751240253448486,0.30042406916618347,4.517385959625244,5.49756383895874,0.3767634928226471,0.8606908321380615,1.1716935634613037,0.8946489691734314,1.145503282546997,0.7058956027030945,2.6794748306274414,2.6794748306274414,0.41425660252571106,0.41425660252571106,0.020889952778816223,0.09747109562158585,1.7676829099655151,1.7676829099655151,1.655717134475708,2.011113166809082
0.5610285401344299,0.3871976435184479,0.8464739322662354,0.8581452369689941,0.6338298320770264,0.0,0.3079242408275604,0.3079242408275604,0.30042406916618347,4.517385959625244,5.49756383895874,0.0,0.1239771768450737,1.4145152568817139,2.780886173248291,1.145503282546997,5.855690002441406,2.2159781455993652,1.797094702720642,1.6580253839492798,0.8939092755317688,1.5034221410751343,1.4983923435211182,2.6744730472564697,1.7676829099655151,1.655717134475708,1.655717134475708

Channel 55
5.742422580718994,4.825716495513916,3.7626805305480957,2.4823310375213623,3.536375045776367,3.536375045776367,4.8850274085998535,4.8850274085998535,7.566842079162598,5.030929088592529,5.030929088592529,3.614427089691162,7.610903263092041,2.9704809188842773,3.5868396759033203,8.407937049865723,8.407937049865723,6.830601692199707,1.6042052507400513,5.792754173278809,5.792754173278809,2.2218942642211914,3.068605899810791,3.068605899810791,1.567901849746704,8.352668762207031,2.835862874984741
2.6455979347229004,2.705317258834839,1.5494391918182373,1.541403889656067,2.0779500007629395,2.9056313037872314,4.8850274085998535,7.022708415985107,7.022708415985107,3.3216476440429688,5.043306827545166,5.043306827545166,4.319192409515381,4.001730918884277,3.5868396759033203,9.840178489685059,9.840178489685059,6.830601692199707,1.6274373531341553,5.792754173278809,5.792754173278809,2.4923877716064453,2.2218942642211914,1.7148239612579346,2.0240373611450195,2.0240373611450195,1.3745225667953491
3.612469434738159,3.612469434738159,4.867446422576904,4.867446422576904,4.703415870666504,5.988566875457764,5.988566875457764,2.2387754917144775,2.657707929611206,2.5203945636749268,6.224339485168457,6.224339485168457,4.768467903137207,4.854526996612549,7.789156436920166,7.789156436920166,4.438710689544678,5.722209930419922,2.221693992614746,5.041744709014893,5.041744709014893,4.043506622314453,2.9646503925323486,1.7148239612579346,0.4684603214263916,0.7362259030342102,1.3264780044555664
3.612469434738159,3.612469434738159,6.047946929931641,6.047946929931641,3.2576816082000732,1.2421996593475342,3.779510021209717,2.2387754917144775,2.582256317138672,2.582256317138672,2.847653388977051,5.501120090484619,5.501120090484619,4.854526996612549,4.854526996612549,1.5074257850646973,3.861849308013916,2.5124404430389404,2.221693992614746,4.566728115081787,4.590603828430176,4.590603828430176,1.8549139499664307,2.535142183303833,2.535142183303833,0.4684603214263916,3.8259782791137695
2.765185594558716,4.594219207763672,4.594219207763672,4.135286331176758,1.6399329900741577,1.6673643589019775,1.6673643589019775,2.0960447788238525,1.9750896692276,1.7076369524002075,2.508089780807495,3.0783255100250244,2.7156805992126465,2.1058199405670166,4.644502639770508,3.1186342239379883,5.145566463470459,5.145566463470459,5.015902519226074,5.015902519226074,4.590603828430176,4.590603828430176,2.178459882736206,2.137638568878174,2.98840594291687,2.98840594291687,3.8259782791137695
1.34612238407135,3.062811851501465,4.3838911056518555,0.5042617917060852,1.4443937540054321,1.8248777389526367,1.6673643589019775,2.0764873027801514,4.995602607727051,1.3283511400222778,1.3558743000030518,2.1669890880584717,0.8619352579116821,1.2102327346801758,4.644502639770508,2.7262091636657715,5.145566463470459,5.145566463470459,1.7723798751831055,3.210644006729126,3.210644006729126,2.5041863918304443,3.615086317062378,2.517399311065674,2.98840594291687,2.98840594291687,0.9605604410171509
2.705960273742676,1.5904343128204346,3.4562840461730957,1.1066336631774902,0.5221250653266907,1.378413438796997,1.378413438796997,1.303756594657898,4.995602607727051,1.3433780670166016,1.8553473949432373,0.2152809202671051,2.9282047748565674,2.0672762393951416,4.57328462600708,4.57328462600708,0.5035141706466675,4.47813081741333,1.2041940689086914,2.4949817657470703,2.999403476715088,2.999403476715088,3.615086317062378,1.9544461965560913,3.1454288959503174,0.3877439796924591,1.0221370458602905
2.6019287109375,2.6019287109375,3.911578893661499,3.911578893661499,1.5042781829833984,1.5330328941345215,0.7078787088394165,0.7078787088394165,2.6927621364593506,1.6069443225860596,1.8553473949432373,1.9479562044143677,1.9875587224960327,2.0672762393951416,3.286468744277954,1.4339847564697266,0.02858750894665718,0.6227797269821167,2.3594558238983154,2.4949817657470703,3.513831615447998,3.513831615447998,1.3882272243499756,1.3882272243499756,3.1454288959503174,2.725983142852783,1.416677713394165
6.233524799346924,6.233524799346924,3.911578893661499,3.911578893661499,1.5042781829833984,1.232186198234558,1.150836706161499,1.2608133554458618,2.561685562133789,2.5726125240325928,2.5726125240325928,1.5871093273162842,3.421700954437256,3.191365957260132,2.8767013549804688,1.4339847564697266,2.212883710861206,2.7976937294006348,3.1531760692596436,3.1531760692596436,3.513831615447998,4.631134033203125,2.699230194091797,2.699230194091797,3.0521719455718994,2.725983142852783,2.0410687923431396
6.233524799346924,6.233524799346924,1.4700062274932861,3.202129364013672,3.202129364013672,0.1712343841791153,1.5776252746582031,1.2608133554458618,2.561685562133789,2.561685562133789,1.2735135555267334,1.1327223777770996,0.5192816853523254,2.8767013549804688,2.8767013549804688,0.44027194380760193,0.44027194380760193,3.174403667449951,3.174403667449951,3.9168267250061035,3.9168267250061035,4.631134033203125,3.3679308891296387,2.699230194091797,3.0521719455718994,3.98736310005188,3.98736310005188
1.3226523399353027,1.3226523399353027,1.3013859987258911,0.9983577728271484,4.972617149353027,3.0029869079589844,2.208069086074829,2.208069086074829,1.2040371894836426,0.7631723284721375,2.3651416301727295,2.7267374992370605,1.0847119092941284,1.0782774686813354,1.0782774686813354,3.12385892868042,0.17775189876556396,3.174403667449951,3.174403667449951,0.8664823174476624,3.9696366786956787,3.9696366786956787,3.0000948905944824,3.0000948905944824,5.778604984283447,3.98736310005188,3.98736310005188
2.895435094833374,2.895435094833374,1.4057704210281372,1.5264663696289062,3.0029869079589844,4.671853065490723,2.208069086074829,4.7667059898376465,4.7667059898376465,1.0171860456466675,2.3651416301727295,2.154444456100464,3.9842512607574463,3.9842512607574463,1.5421394109725952,3.12385892868042,1.3050603866577148,0.27107930183410645,0.26843366026878357,1.3078116178512573,3.9696366786956787,3.9696366786956787,3.185863733291626,3.185863733291626,5.778604984283447,4.180438995361328,3.324179172515869
3.2768049240112305,3.2768049240112305,1.5390623807907104,2.025282144546509,2.025282144546509,4.671853065490723,0.8149978518486023,4.7667059898376465,4.7667059898376465,2.421511650085449,2.421511650085449,3.490771532058716,3.9842512607574463,3.9842512607574463,1.2225217819213867,1.3050603866577148,2.8236114978790283,1.4344295263290405,3.951032876968384,3.951032876968384,3.793755531311035,4.131525993347168,7.797074317932129,6.679477214813232,8.948223114013672,8.948223114013672,2.11492657661438
3.2768049240112305,3.2768049240112305,3.2405829429626465,3.0961568355560303,1.98004949092865,4.426867485046387,1.8826453685760498,2.7586333751678467,1.2584527730941772,1.3223190307617188,1.866465449333191,2.0331382751464844,2.5997328758239746,2.5909533500671387,2.5909533500671387,1.5922366380691528,2.8236114978790283,1.5093519687652588,2.0190272331237793,1.7423453330993652,4.222685813903809,6.709746360778809,7.797074317932129,6.88224458694458,6.679477214813232,5.563522815704346,1.533157229423523
4.554356575012207,4.554356575012207,6.916195869445801,6.916195869445801,0.9265851378440857,2.288132905960083,1.5818448066711426,2.7586333751678467,2.287733316421509,4.6289520263671875,1.7020422220230103,2.0331382751464844,2.0815682411193848,2.0815682411193848,0.9545716047286987,2.1169562339782715,1.4458011388778687,5.207174777984619,3.474839448928833,5.027076244354248,4.222685813903809,6.709746360778809,8.870129585266113,1.8173158168792725,3.9352433681488037,7.479579925537109,1.5439674854278564
3.2712175846099854,3.2712175846099854,6.916195869445801,6.916195869445801,4.656731605529785,4.656731605529785,0.9434151649475098,0.5748021006584167,2.3436832427978516,4.6289520263671875,2.0910871028900146,0.7613690495491028,1.6836000680923462,0.8118619322776794,1.6039036512374878,4.242822170257568,2.8636865615844727,5.227238178253174,5.227238178253174,3.474839448928833,8.37655258178711,9.27934455871582,8.870129585266113,5.13037109375,5.407439708709717,7.479579925537109,1.5439674854278564
2.8363959789276123,8.026509284973145,8.026509284973145,5.4567718505859375,3.1940526962280273,3.643280506134033,3.643280506134033,1.7502086162567139,2.3436832427978516,3.044447660446167,5.940891265869141,1.351049542427063,4.219987392425537,4.572329521179199,2.8261237144470215,4.242822170257568,6.038932800292969,6.4789814949035645,9.275638580322266,9.275638580322266,8.37655258178711,6.315732002258301,3.3745598793029785,1.9797455072402954,5.407439708709717,1.234612226486206,0.8593015074729919
3.1461291313171387,8.026509284973145,8.026509284973145,5.4567718505859375,4.0300703048706055,3.643280506134033,4.010403633117676,1.3579000234603882,6.061585426330566,3.044447660446167,1.7437169551849365,3.209902048110962,4.219987392425537,4.008968830108643,4.008968830108643,4.383345127105713,15.32489013671875,4.799043655395508,7.593406677246094,2.663525342941284,4.646989822387695,10.474206924438477,3.2177906036376953,2.7043426036834717,0.282272607088089,0.21558955311775208,0.8593015074729919
3.2238690853118896,3.6338753700256348,4.599966526031494,4.599966526031494,3.259145498275757,3.259145498275757,4.010403633117676,4.663150310516357,5.228344917297363,5.228344917297363,2.612398624420166,5.0889997482299805,6.26747989654541,4.008968830108643,6.434615135192871,7.820425033569336,15.32489013671875,8.893967628479004,7.890662670135498,7.890662670135498,3.6736135482788086,4.612741470336914,2.3483338356018066,1.0311048030853271,1.4211323261260986,1.4211323261260986,1.864253282546997
3.2238690853118896,3.6338753700256348,4.599966526031494,4.599966526031494,3.5799169540405273,2.4091994762420654,3.983854055404663,3.983854055404663,5.228344917297363,5.228344917297363,2.9538204669952393,5.0889997482299805,5.151086330413818,5.151086330413818,3.247343063354492,7.820425033569336,7.820425033569336,8.893967628479004,3.087127923965454,3.635178327560425,3.6736135482788086,2.2695627212524414,2.118361711502075,1.1427420377731323,1.4211323261260986,1.4211323261260986,3.9803202152252197
2.766944646835327,0.9524127244949341,2.312380075454712,2.2875876426696777,2.2875876426696777,4.045554161071777,4.045554161071777,4.071345806121826,6.260042667388916,6.260042667388916,4.720645427703857,4.859434127807617,4.859434127807617,1.0188915729522705,7.08307409286499,7.7361297607421875,5.72384786605835,3.087127923965454,3.087127923965454,1.244069218635559,2.2695627212524414,2.2695627212524414,4.088885307312012,7.692195892333984,1.8362782001495361,1.5843068361282349,2.616746664047241
2.766944646835327,3.3902807235717773,2.1040825843811035,4.234623908996582,2.2875876426696777,4.045554161071777,4.045554161071777,0.8072492480278015,6.260042667388916,6.260042667388916,3.6372575759887695,3.6372575759887695,2.699791431427002,7.693601608276367,9.346715927124023,7.7361297607421875,3.3465301990509033,2.5243544578552246,1.60434889793396,0.7738087177276611,0.9283066987991333,1.3814491033554077,4.088885307312012,7.692195892333984,4.306822299957275,5.658319473266602,2.504697561264038
5.457242012023926,5.457242012023926,4.346872806549072,1.631787896156311,0.8666919469833374,1.1323120594024658,1.1323120594024658,5.356785297393799,5.356785297393799,0.866946280002594,3.1834375858306885,3.1834375858306885,5.160220146179199,7.693601608276367,1.4332102537155151,0.48245060443878174,0.9597188234329224,3.166002035140991,3.878084421157837,3.878084421157837,1.2068020105361938,1.8113517761230469,0.7047423124313354,1.2868545055389404,4.306822299957275,7.309659957885742,7.309659957885742
3.599843978881836,1.581214189529419,3.0519049167633057,0.9827461242675781,0.8666919469833374,0.8666919469833374,0.4960537552833557,5.356785297393799,5.356785297393799,0.8790948390960693,3.1834375858306885,3.1834375858306885,0.37509697675704956,0.6953386068344116,0.622943103313446,1.6718711853027344,1.6718711853027344,3.166002035140991,3.867779016494751,3.867779016494751,0.9368025064468384,1.8113517761230469,0.5475814342498779,2.2423319816589355,4.950753211975098,7.309659957885742,7.309659957885742
2.1901462078094482,1.0071953535079956,1.3551827669143677,1.5188425779342651,0.6405094265937805,0.7775217294692993,0.41552773118019104,0.4272962510585785,0.8349391222000122,2.080064535140991,2.080064535140991,0.427229642868042,0.4325891137123108,0.44587790966033936,0.44587790966033936,1.6718711853027344,4.929782390594482,4.929782390594482,3.867779016494751,3.867779016494751,1.0746458768844604,1.0746458768844604,0.46118950843811035,2.2423319816589355,4.950753211975098,0.7899564504623413,4.326691627502441
1.4959100484848022,1.0071953535079956,1.0056324005126953,1.5188425779342651,0.3300740718841553,0.3300740718841553,0.5317045450210571,0.5684791803359985,4.003463268280029,4.003463268280029,3.354504346847534,0.7079907655715942,4.097845554351807,5.271698951721191,1.9169270992279053,2.453951835632324,4.929782390594482,4.929782390594482,4.876384735107422,3.206350088119507,2.0407774448394775,1.0746458768844604,0.3160379230976105,0.7727508544921875,1.4483060836791992,1.795127511024475,4.326691627502441
1.4959100484848022,0.7771787643432617,1.1225779056549072,0.5156536102294922,0.46464604139328003,0.46464604139328003,0.8303173780441284,1.0047826766967773,4.003463268280029,4.618663787841797,12.42641544342041,12.42641544342041,4.097845554351807,7.204224109649658,7.204224109649658,2.8342602252960205,14.129937171936035,14.129937171936035,10.88271713256836,3.2207589149475098,3.7907814979553223,3.7907814979553223,1.2654738426208496,4.391434192657471,2.035048246383667,1.795127511024475,1.5324996709823608

Channel 56
0.9816655516624451,0.9816655516624451,1.3264461755752563,1.775706171989441,1.703500509262085,3.5992062091827393,3.1309382915496826,4.1425580978393555,4.1425580978393555,4.457905292510986,4.457905292510986,2.7743842601776123,4.712258338928223,3.7584102153778076,4.637568950653076,3.728754997253418,3.728754997253418,0.950688898563385,3.9052066802978516,1.3140195608139038,1.7807538509368896,1.4847638607025146,2.399414539337158,2.399414539337158,0.420592725276947,1.2575600147247314,1.7678042650222778
0.9211013913154602,0.9211013913154602,1.8122644424438477,1.8122644424438477,2.3509697914123535,3.8469414710998535,3.1309382915496826,4.1425580978393555,4.1425580978393555,4.457905292510986,4.457905292510986,1.9836513996124268,2.8932344913482666,3.2926886081695557,4.637568950653076,3.4039011001586914,2.2293612957000732,1.7349094152450562,1.6983078718185425,4.678150177001953,0.8400514125823975,0.8325396180152893,2.42081880569458,1.420103907585144,1.2828692197799683,1.2828692197799683,1.2592424154281616
0.9211013913154602,0.9211013913154602,2.766371726989746,3.9212074279785156,3.9212074279785156,5.183160781860352,3.8487186431884766,2.0357069969177246,1.4162367582321167,1.3795924186706543,4.2978105545043945,4.2978105545043945,1.2870670557022095,3.2926886081695557,3.2926886081695557,2.2293612957000732,2.2293612957000732,1.9165068864822388,1.5848032236099243,3.768781900405884,2.074852228164673,3.052086591720581,2.42081880569458,0.0,1.2828692197799683,1.4093992710113525,1.2980228662490845
0.5429068803787231,2.161461591720581,2.766371726989746,3.9212074279785156,3.9212074279785156,3.624617338180542,1.609686255455017,1.3122508525848389,1.3122508525848389,2.7441070079803467,3.866441011428833,3.866441011428833,1.7413175106048584,1.7413175106048584,1.2753897905349731,2.0438497066497803,2.0438497066497803,2.7382709980010986,2.7382709980010986,3.023440361022949,2.074852228164673,3.052086591720581,0.0,0.6086934208869934,1.0866572856903076,1.4093992710113525,1.5123240947723389
2.169464588165283,5.102303504943848,5.102303504943848,3.3533875942230225,3.1963694095611572,2.3629486560821533,2.3629486560821533,1.5188097953796387,1.3392603397369385,2.7441070079803467,2.7441070079803467,1.8166557550430298,2.7186660766601562,2.7186660766601562,1.2753897905349731,1.911208987236023,2.330479860305786,2.7382709980010986,2.7382709980010986,0.9122070670127869,0.9122070670127869,1.4870121479034424,0.8260046243667603,0.6086934208869934,0.5581072568893433,1.562767505645752,2.5228798389434814
2.169464588165283,5.102303504943848,5.102303504943848,3.0591893196105957,2.330404043197632,2.2045764923095703,1.953707218170166,1.5188097953796387,0.8576543927192688,1.1614927053451538,1.3750392198562622,1.4830520153045654,1.7689495086669922,1.7689495086669922,1.6643832921981812,1.911208987236023,1.911208987236023,0.5671674609184265,0.5671674609184265,1.6445214748382568,0.3934289216995239,1.4870121479034424,1.8482147455215454,3.1992263793945312,3.1992263793945312,1.422603726387024,1.453731894493103
2.8496594429016113,6.1407856941223145,6.321052074432373,3.0591893196105957,1.702789306640625,1.702789306640625,0.40512752532958984,1.752163290977478,1.752163290977478,1.321340799331665,1.321340799331665,1.4830520153045654,0.42474043369293213,1.6643832921981812,1.6643832921981812,0.9028672575950623,1.1847281455993652,1.3427118062973022,0.9513989090919495,1.6445214748382568,1.1657030582427979,1.7819768190383911,2.928166627883911,3.1992263793945312,3.1992263793945312,0.0,0.939862072467804
7.042549133300781,7.042549133300781,5.734982013702393,2.5091636180877686,0.7535048127174377,0.580571711063385,0.40512752532958984,1.3241571187973022,1.9796442985534668,1.9796442985534668,0.6440858244895935,1.3148282766342163,1.3148282766342163,0.6313194632530212,0.5300391912460327,2.263836145401001,1.785783290863037,1.5322171449661255,1.5322171449661255,0.7950819134712219,1.0966453552246094,1.0966453552246094,1.0970189571380615,0.0,0.0,0.32783788442611694,1.407041072845459
6.800605773925781,6.800605773925781,2.6469178199768066,2.6469178199768066,0.2885746955871582,0.6962839961051941,0.802225649356842,1.1347293853759766,1.9796442985534668,1.9796442985534668,0.8533604145050049,1.3148282766342163,1.3148282766342163,1.0444917678833008,0.9717702269554138,2.263836145401001,1.7123795747756958,1.5322171449661255,1.5322171449661255,1.1624027490615845,1.0742193460464478,1.0742193460464478,0.6174010038375854,0.9630852341651917,2.7937145233154297,1.5420713424682617,1.407041072845459
5.518327236175537,5.518327236175537,2.2548227310180664,2.2548227310180664,1.301300048828125,0.6962839961051941,0.8822423219680786,0.7931336760520935,0.7931336760520935,1.484911561012268,1.484911561012268,0.8796055912971497,1.2334990501403809,1.0444917678833008,0.6191090941429138,1.2607415914535522,1.0471551418304443,0.057634249329566956,1.9113961458206177,1.9113961458206177,0.0,1.8592150211334229,1.8592150211334229,2.0517637729644775,2.0050065517425537,0.0,1.5506911277770996
4.294065952301025,4.216442584991455,3.060731887817383,2.0290074348449707,1.301300048828125,0.8180932402610779,0.9652764201164246,2.666649341583252,1.1224055290222168,1.484911561012268,1.484911561012268,0.6959646344184875,1.1095532178878784,1.0332165956497192,0.25431951880455017,0.760303258895874,0.9037358164787292,0.9037358164787292,1.6992696523666382,1.2094471454620361,0.0,1.8592150211334229,1.8592150211334229,2.0517637729644775,1.3321585655212402,0.0,1.0031232833862305
3.1997621059417725,3.1867103576660156,3.060731887817383,1.5024207830429077,1.6349917650222778,1.1463210582733154,1.5664522647857666,2.666649341583252,0.8596758246421814,0.6204119920730591,0.8552493453025818,0.6959646344184875,0.8483452200889587,0.6062934994697571,0.5420243740081787,0.1901322305202484,1.0304005146026611,1.0304005146026611,0.17004939913749695,0.10923593491315842,0.11503598839044571,0.11682508140802383,0.2971135973930359,0.11202099174261093,1.899440050125122,0.0,1.6158337593078613
3.9464271068573,2.5519189834594727,2.508188009262085,1.451229453086853,1.6349917650222778,0.7013764381408691,1.454979658126831,1.454979658126831,0.7623050808906555,0.7935284376144409,1.0376975536346436,1.0376975536346436,0.6580083966255188,0.3370359539985657,0.3370359539985657,0.0,1.0703624486923218,0.6523683667182922,0.6622139811515808,0.6622139811515808,1.821708083152771,1.821708083152771,0.11682508140802383,1.5967047214508057,3.0251195430755615,2.256875514984131,1.515257477760315
4.9033613204956055,4.9033613204956055,2.508188009262085,1.4660065174102783,1.555140733718872,1.5009597539901733,1.729327917098999,1.169934868812561,0.789594829082489,0.7623050808906555,1.0376975536346436,1.0376975536346436,0.5237077474594116,0.8915919661521912,0.8915919661521912,0.012977086007595062,1.0703624486923218,0.8159525990486145,0.8159525990486145,0.6103935837745667,1.821708083152771,1.821708083152771,0.8120392560958862,4.976790904998779,4.976790904998779,1.8849986791610718,1.6918972730636597
6.634653568267822,6.634653568267822,1.6861262321472168,2.060068368911743,1.555140733718872,1.2329024076461792,1.3915810585021973,0.7759957313537598,2.129403829574585,0.5421883463859558,1.120058536529541,1.1950913667678833,0.5237077474594116,0.8915919661521912,0.8915919661521912,0.23370632529258728,0.7188021540641785,1.2546145915985107,1.2546145915985107,1.772861123085022,1.120158314704895,1.0402040481567383,0.8120392560958862,3.602612018585205,3.602612018585205,0.0,1.945711374282837
3.798980951309204,7.405336380004883,1.3947712182998657,2.060068368911743,3.502817392349243,1.8104610443115234,1.103865146636963,1.103865146636963,2.129403829574585,0.23082682490348816,1.035083293914795,1.035083293914795,0.5053244233131409,0.8480388522148132,0.6028822660446167,0.6028822660446167,1.1262836456298828,1.4832065105438232,1.4832065105438232,1.5102626085281372,1.1379122734069824,1.5259313583374023,0.3304413855075836,3.602612018585205,3.602612018585205,1.0986196994781494,2.1291284561157227
2.6156716346740723,5.239659786224365,4.98271369934082,4.520748138427734,3.502817392349243,0.7180774807929993,1.3044273853302002,1.2943304777145386,0.6094904541969299,1.056157112121582,1.056157112121582,1.0279141664505005,1.2729910612106323,0.38074129819869995,0.9215949773788452,0.9215949773788452,1.7943294048309326,1.7943294048309326,1.4832065105438232,1.0363613367080688,1.0363613367080688,2.449061393737793,0.6138359904289246,0.0,0.2513010799884796,1.1359081268310547,1.6878080368041992
2.861522912979126,4.0124688148498535,5.85524845123291,5.85524845123291,1.1375184059143066,1.2102497816085815,1.3044273853302002,1.3371455669403076,1.4188636541366577,1.056157112121582,1.056157112121582,1.319205641746521,1.2729910612106323,0.0,1.6663132905960083,1.6663132905960083,1.046402096748352,1.046402096748352,0.1352127194404602,0.0,0.0,3.4837963581085205,0.0,0.0,0.47545307874679565,1.1359081268310547,1.8060178756713867
2.861522912979126,2.861522912979126,2.568159580230713,1.1742074489593506,8.87790298461914,8.87790298461914,0.07551490515470505,1.3371455669403076,4.303698539733887,2.4211573600769043,0.7226076722145081,0.7226076722145081,0.8591330647468567,0.8591330647468567,1.6663132905960083,1.6663132905960083,0.5372309684753418,2.319182872772217,1.7807830572128296,0.0,0.0,3.3017776012420654,3.3017776012420654,1.7358907461166382,0.21792301535606384,0.6620998382568359,2.601375102996826
1.0227302312850952,1.731040120124817,1.3808467388153076,1.2377886772155762,8.87790298461914,8.87790298461914,0.0,3.7152934074401855,4.303698539733887,3.136497974395752,1.7236698865890503,1.7236698865890503,2.2488489151000977,2.2488489151000977,0.7143174409866333,0.7143174409866333,0.5372309684753418,2.319182872772217,0.0,0.5547411441802979,4.9743828773498535,6.294088363647461,3.5295908451080322,1.7358907461166382,0.0,0.7564796209335327,1.1507354974746704
0.3920135200023651,1.1828975677490234,1.1828975677490234,1.5677683353424072,1.3067125082015991,0.6829420924186707,0.0,3.7152934074401855,8.764440536499023,8.764440536499023,6.497493267059326,7.045135974884033,4.038137435913086,4.038137435913086,4.122914791107178,4.122914791107178,0.0,0.008400589227676392,1.1275700330734253,2.1523637771606445,4.9743828773498535,6.294088363647461,2.0338551998138428,3.1045522689819336,3.1140496730804443,0.6001667976379395,1.9679458141326904
1.7284650802612305,1.7284650802612305,5.835134983062744,5.835134983062744,3.2611396312713623,2.189176321029663,0.0,1.6527934074401855,11.128829002380371,9.550312995910645,6.497493267059326,7.045135974884033,4.038137435913086,4.038137435913086,2.7218687534332275,2.7218687534332275,0.0,0.18261006474494934,1.1275700330734253,2.1523637771606445,1.7037266492843628,1.8329992294311523,1.3273987770080566,3.1045522689819336,3.1140496730804443,0.5845633149147034,3.314194440841675
3.666994094848633,3.6455366611480713,5.835134983062744,5.835134983062744,1.1389343738555908,1.7348097562789917,0.0,6.972893714904785,12.456663131713867,9.122950553894043,3.812854051589966,1.7947365045547485,2.8054516315460205,2.8054516315460205,1.2932721376419067,0.41686195135116577,0.33577340841293335,1.4066234827041626,0.0,0.0,0.0,1.93760347366333,3.1580379009246826,1.7876718044281006,0.8748729825019836,1.085058331489563,1.7587089538574219
3.666994094848633,2.6752779483795166,3.5941343307495117,1.613521695137024,0.0,0.42695677280426025,0.6540641784667969,6.972893714904785,11.50903606414795,4.806085109710693,3.1970157623291016,2.494035005569458,2.3066084384918213,1.595315933227539,0.5032656192779541,0.5032656192779541,0.400742769241333,0.698363184928894,0.0,0.0,0.3133386969566345,1.4064314365386963,2.9558374881744385,1.2397688627243042,0.8097212314605713,1.1354457139968872,1.1354457139968872
3.9571774005889893,2.493379831314087,2.1889073848724365,0.16373440623283386,0.5745686888694763,0.42695677280426025,0.6540641784667969,1.6328215599060059,3.048936128616333,7.8246870040893555,7.8246870040893555,3.8297111988067627,1.3062118291854858,0.5040995478630066,0.5514362454414368,0.5514362454414368,2.6191365718841553,2.6191365718841553,0.0,0.0,1.2011550664901733,1.2011550664901733,0.693753182888031,1.6572203636169434,2.340019941329956,4.1176934242248535,4.457621097564697
3.137463331222534,4.939061164855957,1.3927162885665894,0.16373440623283386,0.5745686888694763,0.08345585316419601,0.0,1.1459870338439941,1.1459870338439941,9.426047325134277,9.426047325134277,3.8297111988067627,2.62434720993042,0.29575517773628235,1.2777146100997925,1.1548610925674438,2.743485450744629,2.6191365718841553,0.0,0.5820093750953674,1.0843243598937988,1.0843243598937988,0.9487418532371521,4.7865166664123535,4.7865166664123535,4.1176934242248535,4.457621097564697
3.368748188018799,4.939061164855957,1.9654357433319092,0.0,0.0,0.0,0.0,2.3016295433044434,2.3016295433044434,8.050579071044922,8.050579071044922,2.5838887691497803,2.201758861541748,0.29575517773628235,1.2777146100997925,0.0,0.0,0.682696521282196,0.0,0.6933346390724182,5.2725324630737305,5.2725324630737305,3.455735921859741,4.7865166664123535,4.7865166664123535,1.8729878664016724,3.773597240447998

Channel 57
4.628182411193848,3.68328857421875,1.5010173320770264,4.223156452178955,4.223156452178955,2.712924003601074,1.043559193611145,3.6177847385406494,3.6177847385406494,6.565536022186279,9.571102142333984,9.571102142333984,8.877300262451172,7.564959526062012,6.088798522949219,9.367937088012695,6.607916355133057,6.426511764526367,7.935530185699463,12.503721237182617,5.097361087799072,4.713562488555908,4.713562488555908,2.124776840209961,1.0231739282608032,2.4814791679382324,16.65677833557129
1.3903578519821167,1.5010173320770264,1.9279301166534424,2.091426372528076,2.712924003601074,3.409818649291992,3.409818649291992,0.2122500091791153,5.299260139465332,5.299260139465332,9.571102142333984,9.571102142333984,7.564959526062012,7.564959526062012,6.088798522949219,10.04919719696045,10.04919719696045,7.044139862060547,6.96279764175415,7.204351902008057,7.204351902008057,2.342134475708008,2.8875560760498047,4.716960906982422,4.716960906982422,2.9639203548431396,0.7416450381278992
4.101489067077637,7.632669448852539,7.632669448852539,3.4917216300964355,3.3898372650146484,4.203484058380127,4.203484058380127,2.231640577316284,7.443185329437256,6.117215633392334,7.066044807434082,5.5029449462890625,5.630810737609863,5.630810737609863,8.931730270385742,5.927029132843018,8.582980155944824,7.044139862060547,2.4850921630859375,8.795894622802734,8.795894622802734,6.421926498413086,8.059122085571289,5.538942813873291,4.716960906982422,2.9639203548431396,0.7416450381278992
4.155025482177734,7.632669448852539,7.632669448852539,3.569995164871216,3.569995164871216,2.051781415939331,5.966867923736572,2.3698418140411377,7.443185329437256,5.043756484985352,5.043756484985352,7.454317569732666,5.630810737609863,5.630810737609863,8.931730270385742,3.923830509185791,8.582980155944824,4.931272506713867,7.364098072052002,11.937274932861328,11.937274932861328,6.421926498413086,6.421926498413086,9.330315589904785,9.330315589904785,2.8130695819854736,2.3828840255737305
4.791077613830566,6.684793949127197,6.684793949127197,3.569995164871216,5.1068434715271,1.3497906923294067,2.1509740352630615,5.262876987457275,5.262876987457275,5.043756484985352,5.043756484985352,7.454317569732666,4.381636142730713,6.159204483032227,5.898401737213135,2.724836587905884,5.102041721343994,4.931272506713867,7.364098072052002,2.5626027584075928,7.467289447784424,7.378818988800049,7.378818988800049,9.330315589904785,9.330315589904785,3.8624777793884277,3.8624777793884277
2.9963748455047607,6.684793949127197,6.684793949127197,2.042738676071167,1.3497906923294067,3.561305522918701,3.561305522918701,5.262876987457275,5.262876987457275,5.070451259613037,5.070451259613037,6.865549564361572,7.614760398864746,3.3005478382110596,6.121731281280518,4.089601993560791,4.577149391174316,4.784250259399414,3.2401270866394043,4.168760299682617,4.168760299682617,7.378818988800049,7.378818988800049,6.8573479652404785,3.860429286956787,3.2529919147491455,1.9876203536987305
2.9963748455047607,2.5997207164764404,3.181767225265503,2.5194549560546875,0.15689975023269653,1.599691390991211,1.599691390991211,1.5535942316055298,5.869965076446533,5.070451259613037,5.070451259613037,4.707680702209473,7.614760398864746,3.3005478382110596,6.121731281280518,4.089601993560791,3.177835464477539,4.784250259399414,3.2401270866394043,4.168760299682617,4.168760299682617,2.2418110370635986,6.473834037780762,6.473834037780762,3.860429286956787,11.059659004211426,5.6544671058654785
3.7579505443573,3.7579505443573,3.1876273155212402,3.1876273155212402,4.139559745788574,4.500237464904785,1.414591908454895,0.9560515284538269,3.5309195518493652,2.770228624343872,1.0952757596969604,4.231945037841797,4.231945037841797,2.8282368183135986,6.372848987579346,2.1601791381835938,0.11978921294212341,3.2402780055999756,3.2402780055999756,2.9946177005767822,1.7150497436523438,4.149189472198486,0.5733768343925476,3.1227762699127197,2.3335659503936768,8.030293464660645,8.030293464660645
3.7579505443573,3.7579505443573,3.1876273155212402,3.1876273155212402,4.139559745788574,4.500237464904785,3.417203426361084,3.417203426361084,3.5309195518493652,2.7904553413391113,2.227874755859375,4.231945037841797,4.231945037841797,4.497244834899902,2.465334177017212,2.1601791381835938,4.120900630950928,4.1605072021484375,2.9946177005767822,2.9946177005767822,3.0720653533935547,4.149189472198486,2.767296552658081,1.5722475051879883,7.968369007110596,8.030293464660645,8.030293464660645
3.671713352203369,3.671713352203369,3.3544232845306396,4.3638997077941895,4.36709451675415,2.53802752494812,3.417203426361084,3.417203426361084,0.8405283689498901,1.8336762189865112,1.8336762189865112,1.6307240724563599,1.0293095111846924,4.497244834899902,2.619319200515747,1.8917956352233887,3.0407772064208984,3.0692942142486572,3.1152336597442627,1.9895298480987549,2.691481351852417,4.938453197479248,4.938453197479248,3.638974666595459,4.583186626434326,6.449359893798828,6.449359893798828
4.078631401062012,4.078631401062012,1.3938932418823242,1.3938932418823242,4.36709451675415,3.0098233222961426,1.2287356853485107,4.4881911277771,4.4881911277771,1.4495131969451904,2.9203739166259766,2.9203739166259766,1.2324590682983398,0.827729344367981,3.3935866355895996,3.3935866355895996,0.4030325412750244,0.1711607277393341,0.0,0.22382889688014984,7.138098239898682,7.138098239898682,6.400288105010986,3.704690933227539,4.583186626434326,6.449359893798828,6.449359893798828
4.078631401062012,4.078631401062012,8.340576171875,1.3938932418823242,1.4839369058609009,3.7469143867492676,3.7469143867492676,4.4881911277771,4.4881911277771,0.9960241913795471,1.4406790733337402,1.4406790733337402,3.18457293510437,3.18457293510437,3.3935866355895996,3.3935866355895996,2.5856897830963135,0.06888239085674286,1.2529573440551758,0.1237201988697052,7.138098239898682,7.138098239898682,2.710653781890869,2.7744662761688232,5.443185329437256,5.443185329437256,2.3434741497039795
5.418770790100098,5.3309197425842285,8.340576171875,6.049731731414795,3.307241678237915,2.6899847984313965,0.4155080318450928,1.0887423753738403,1.6732035875320435,3.36301326751709,3.36301326751709,1.4406790733337402,3.18457293510437,3.18457293510437,5.811880111694336,5.811880111694336,2.8248493671417236,2.8248493671417236,6.5261149406433105,6.5261149406433105,4.158740997314453,4.968703269958496,3.01749849319458,2.7744662761688232,3.043139696121216,4.585661888122559,5.607374668121338
8.150313377380371,8.150313377380371,6.049731731414795,6.049731731414795,2.786996364593506,4.017033100128174,7.407599449157715,7.407599449157715,7.443131923675537,7.443131923675537,3.0224227905273438,2.4457154273986816,2.4457154273986816,2.565620183944702,3.465576410293579,3.465576410293579,2.8248493671417236,3.217419385910034,3.1536457538604736,0.7968610525131226,2.2193031311035156,4.968703269958496,2.6979804039001465,7.317087650299072,7.253787040710449,4.585661888122559,4.585661888122559
4.854992866516113,4.854992866516113,8.850860595703125,5.856420516967773,4.567279815673828,4.017033100128174,3.3553829193115234,2.3131110668182373,2.3131110668182373,4.550886154174805,4.550886154174805,5.2012457847595215,5.2012457847595215,4.788906097412109,1.9268076419830322,1.428428292274475,3.6104307174682617,3.1536457538604736,4.861011505126953,4.861011505126953,5.05372428894043,3.750877618789673,4.743178844451904,4.743178844451904,7.253787040710449,5.2190022468566895,3.3929519653320312
2.30368971824646,7.1637372970581055,7.1637372970581055,6.192476749420166,6.192476749420166,7.516988277435303,7.570387840270996,1.9640684127807617,3.889551877975464,4.550886154174805,4.550886154174805,3.6703813076019287,4.788906097412109,4.788906097412109,2.91064715385437,3.306481122970581,3.6104307174682617,7.084623336791992,7.084623336791992,3.972027063369751,3.750877618789673,3.750877618789673,2.440945863723755,2.440945863723755,8.34432315826416,2.0085833072662354,1.5523426532745361
2.849898338317871,2.5347816944122314,5.268085956573486,11.904206275939941,13.242356300354004,5.4543280601501465,7.570387840270996,5.658332824707031,1.9640684127807617,4.657009601593018,6.373581409454346,6.373581409454346,8.090261459350586,8.090261459350586,7.134042739868164,4.037237644195557,6.505494594573975,4.99498176574707,6.509237289428711,4.987774848937988,6.6111626625061035,2.4728047847747803,2.4572558403015137,4.738621234893799,4.738621234893799,2.098886489868164,1.4983417987823486
5.207033157348633,2.5347816944122314,5.268085956573486,10.976104736328125,13.242356300354004,11.193103790283203,12.317036628723145,8.798222541809082,7.445009708404541,8.917791366577148,8.623427391052246,6.373581409454346,8.090261459350586,8.090261459350586,9.098347663879395,9.098347663879395,6.78591251373291,3.2300028800964355,6.509237289428711,4.8792266845703125,2.241645336151123,8.100608825683594,8.100608825683594,2.7699902057647705,1.225547194480896,1.5365554094314575,1.5365554094314575
5.207033157348633,3.192615270614624,3.7911055088043213,3.5060224533081055,7.564006805419922,7.787960052490234,12.317036628723145,7.712710857391357,5.875307559967041,8.917791366577148,12.13708209991455,12.13708209991455,6.749135494232178,6.505517959594727,9.098347663879395,9.098347663879395,2.4847681522369385,2.778595209121704,2.2656006813049316,7.669234275817871,7.669234275817871,8.100608825683594,8.100608825683594,1.3350980281829834,1.3350980281829834,2.845832109451294,2.845832109451294
3.75571608543396,7.131547451019287,9.695416450500488,6.534735202789307,5.268404483795166,7.787960052490234,7.787960052490234,13.5846586227417,7.411905288696289,7.411905288696289,12.13708209991455,12.13708209991455,2.446708917617798,4.393924236297607,4.543104648590088,2.239642858505249,2.239642858505249,1.9845349788665771,2.4684386253356934,1.066451072692871,1.7924926280975342,2.5931506156921387,6.542727470397949,4.419981479644775,4.062031269073486,2.845832109451294,2.845832109451294
6.6233625411987305,6.6233625411987305,9.695416450500488,5.4419684410095215,5.4419684410095215,4.190499782562256,1.7749701738357544,3.5570452213287354,7.411905288696289,7.411905288696289,7.195459365844727,4.7721757888793945,2.6218740940093994,6.2557830810546875,6.2557830810546875,4.448445796966553,3.1357834339141846,1.888288974761963,1.7652276754379272,1.7652276754379272,1.7924926280975342,5.025912761688232,6.542727470397949,4.062031269073486,4.320133686065674,3.1787943840026855,2.0881741046905518
6.6233625411987305,6.6233625411987305,2.12253475189209,3.764087677001953,4.772037506103516,4.772037506103516,1.711099624633789,2.153165340423584,5.489660739898682,5.489660739898682,2.396052360534668,1.749948501586914,2.6218740940093994,6.2557830810546875,6.2557830810546875,0.4730038642883301,1.888288974761963,4.765327453613281,2.147085189819336,2.147085189819336,1.587672233581543,3.6391048431396484,2.799578905105591,1.4929848909378052,4.320133686065674,4.032770156860352,2.2691471576690674
0.7989455461502075,1.702815055847168,2.12253475189209,2.12253475189209,4.772037506103516,4.772037506103516,5.667169570922852,5.548074722290039,2.8563554286956787,2.149122953414917,2.396052360534668,2.1965391635894775,0.9512991309165955,0.7137455940246582,0.30535006523132324,0.4809085726737976,0.9722524285316467,2.5214250087738037,3.4887492656707764,3.462470054626465,0.2737327218055725,0.5925333499908447,3.3783841133117676,3.3783841133117676,1.0165034532546997,3.2030136585235596,1.3190901279449463
2.7970430850982666,1.702815055847168,1.702815055847168,0.17694191634655,0.3141555190086365,0.5032771229743958,5.548074722290039,5.548074722290039,3.035184860229492,9.03950023651123,2.1965391635894775,2.1965391635894775,0.82733553647995,0.3997036814689636,0.35817039012908936,0.36457061767578125,3.3197224140167236,2.924142837524414,3.9238243103027344,3.462470054626465,1.8395166397094727,1.0917775630950928,1.0297973155975342,3.202413320541382,3.2797181606292725,4.261777877807617,4.527962684631348
3.132815361022949,3.132815361022949,1.7993171215057373,0.5731328129768372,0.9454260468482971,0.4553096294403076,0.5903882384300232,1.7136834859848022,1.048469066619873,9.03950023651123,4.977670669555664,3.2892894744873047,0.5590924620628357,0.6860223412513733,1.4605175256729126,1.8339908123016357,3.3197224140167236,3.8758604526519775,2.924142837524414,1.8395166397094727,1.8395166397094727,3.172025680541992,1.0297973155975342,2.095912456512451,2.5014636516571045,0.6451844573020935,4.527962684631348
3.132815361022949,3.132815361022949,1.7993171215057373,1.7913538217544556,1.7913538217544556,0.8434926271438599,0.5861556529998779,2.95052170753479,5.350983619689941,3.6882622241973877,3.143885850906372,3.2892894744873047,1.3049205541610718,3.011183977127075,3.011183977127075,3.629120111465454,3.629120111465454,2.8023242950439453,2.31499981880188,1.2264877557754517,1.8835036754608154,3.172025680541992,0.5705462694168091,0.36315011978149414,2.5014636516571045,1.0022603273391724,2.4253625869750977
1.24245023727417,0.8692119121551514,1.2423412799835205,0.7654018998146057,0.5708404779434204,0.5861556529998779,0.5861556529998779,2.95052170753479,5.350983619689941,3.8376400470733643,4.976000785827637,5.526860237121582,8.003032684326172,8.003032684326172,3.011183977127075,3.629120111465454,3.629120111465454,2.712242841720581,1.7280205488204956,2.6165246963500977,2.652132034301758,2.8157403469085693,2.3222243785858154,1.2921037673950195,3.8210670948028564,3.8210670948028564,2.7691662311553955

Channel 58
0.0,0.0,0.0,0.0,0.0,0.0,0.0,0.6365393400192261,0.7079187631607056,0.0,0.6681313514709473,0.8837639093399048,4.066437721252441,4.066437721252441,0.30627012252807617,2.316183090209961,2.316183090209961,1.9392157793045044,3.978910446166992,3.978910446166992,0.0,0.0,0.0,0.0,0.0,0.0,0.0
0.0,0.0,0.0,0.0,0.0,0.5333527326583862,0.5333527326583862,0.7780138254165649,1.0944262742996216,1.4498971700668335,1.8853763341903687,2.1130456924438477,2.603658676147461,2.603658676147461,4.232886791229248,4.232886791229248,3.1371121406555176,3.1604413986206055,1.970540165901184,2.1488699913024902,2.1488699913024902,0.0,0.0,0.0,0.0,0.0,0.0
0.0,0.0,0.0,0.0,0.6010901927947998,2.5381054878234863,2.5381054878234863,0.7780138254165649,1.1373440027236938,1.1373440027236938,3.0476832389831543,4.43194055557251,2.075826644897461,4.506811618804932,4.506811618804932,2.9875755310058594,3.1371121406555176,2.3155460357666016,2.246662139892578,1.4766050577163696,1.4766050577163696,0.34502112865448,0.28202784061431885,0.0,0.0,0.0,0.0
0.0,0.0,0.0,0.0,0.6010901927947998,2.5381054878234863,2.5381054878234863,2.0048670768737793,1.5655494928359985,1.3085914850234985,3.0476832389831543,4.43194055557251,2.075826644897461,2.525968074798584,4.845913410186768,3.829819679260254,2.772345542907715,2.3155460357666016,2.246662139892578,3.7955474853515625,3.7955474853515625,2.8239426612854004,2.3886122703552246,0.7565652132034302,0.0,0.0,0.0
0.0,0.0,0.0,0.3771381378173828,1.5264860391616821,1.5264860391616821,2.510434627532959,2.0048670768737793,1.3085914850234985,2.8614964485168457,3.6474761962890625,2.9169678688049316,3.1293015480041504,5.510961055755615,5.510961055755615,2.7109193801879883,5.147317409515381,3.783031463623047,4.697474002838135,3.7955474853515625,3.7955474853515625,2.1808180809020996,1.47555673122406,1.47555673122406,0.0,0.0,0.0
0.0,0.0,0.846368670463562,1.8008993864059448,1.5264860391616821,2.0245466232299805,2.510434627532959,3.3434596061706543,3.3434596061706543,1.927371859550476,2.6763410568237305,2.76531982421875,3.1293015480041504,5.510961055755615,5.510961055755615,2.737217903137207,5.147317409515381,3.783031463623047,3.2436399459838867,2.517350196838379,2.1808180809020996,2.7694129943847656,2.7694129943847656,1.47555673122406,1.026950716972351,0.0,0.0
0.0,0.0,2.2348599433898926,2.2348599433898926,1.8836179971694946,2.875363826751709,2.875363826751709,2.766472816467285,2.9620776176452637,2.981466293334961,3.0873918533325195,3.0873918533325195,3.0269036293029785,3.430004596710205,5.136634826660156,4.347415447235107,2.7466211318969727,3.0684995651245117,2.960153579711914,3.310281276702881,3.310281276702881,2.661743640899658,3.1022424697875977,2.229964256286621,1.8959869146347046,0.0,0.0
0.0,0.719731330871582,2.2348599433898926,2.2348599433898926,1.8904708623886108,1.7064851522445679,1.7064851522445679,2.766472816467285,2.9620776176452637,2.981466293334961,3.0873918533325195,3.0873918533325195,3.1905975341796875,3.1905975341796875,3.8804492950439453,3.121490478515625,3.219773292541504,3.151050090789795,2.960153579711914,3.5613856315612793,2.8559937477111816,2.661743640899658,3.1022424697875977,2.229964256286621,1.355549931526184,0.0,0.0
0.0,0.719731330871582,1.8837751150131226,2.1771631240844727,1.7462750673294067,1.802590012550354,2.2505269050598145,2.496534824371338,3.530057430267334,3.604783535003662,2.654440402984619,4.420320987701416,4.420320987701416,3.3706655502319336,3.8804492950439453,3.3509116172790527,3.3509116172790527,3.151050090789795,4.092604637145996,4.092604637145996,3.813551425933838,3.813551425933838,2.338390827178955,1.5395582914352417,1.0260504484176636,1.0260504484176636,0.0
1.1395078897476196,1.1395078897476196,1.571771502494812,1.8756462335586548,1.687984824180603,2.071502208709717,2.5466418266296387,2.5466418266296387,3.530057430267334,3.530057430267334,2.5099449157714844,3.1789565086364746,3.634650707244873,4.208112716674805,4.027000904083252,3.1454310417175293,4.128108501434326,5.163229465484619,4.286602973937988,4.286602973937988,3.813551425933838,3.813551425933838,2.338390827178955,1.7040213346481323,1.7040213346481323,1.6610888242721558,0.0
0.0,1.2799700498580933,1.5216861963272095,2.8922128677368164,3.052093982696533,2.3324403762817383,2.142439842224121,2.4814987182617188,3.376889705657959,3.703813076019287,3.8049583435058594,3.4767980575561523,3.523711681365967,4.208112716674805,3.982517719268799,2.800593852996826,4.128108501434326,5.163229465484619,4.286602973937988,4.286602973937988,3.4863710403442383,3.6786341667175293,3.6786341667175293,2.4354729652404785,1.7040213346481323,1.6610888242721558,0.0
0.0,0.9108189344406128,1.5216861963272095,1.7325700521469116,3.490468978881836,3.490468978881836,2.804105758666992,4.329441547393799,4.329441547393799,3.703813076019287,3.8049583435058594,3.389798164367676,3.6944780349731445,3.363435745239258,3.632441520690918,3.669163227081299,3.669163227081299,2.99330997467041,3.0623092651367188,3.0623092651367188,3.1504459381103516,3.062624931335449,2.519888401031494,2.4354729652404785,0.7662149667739868,0.8098303079605103,0.0
0.0,0.7486511468887329,2.3225955963134766,2.5311455726623535,3.490468978881836,3.490468978881836,3.335517406463623,4.329441547393799,4.329441547393799,3.311708927154541,3.890263557434082,4.646960258483887,4.646960258483887,4.171170234680176,4.192320346832275,5.058015823364258,3.669163227081299,3.06949520111084,3.112001895904541,3.1562037467956543,3.1562037467956543,2.9956932067871094,2.519888401031494,1.126416802406311,1.126416802406311,0.8690809011459351,0.0
1.1503678560256958,1.1503678560256958,2.3225955963134766,2.5311455726623535,2.952812671661377,3.1429195404052734,3.7984814643859863,3.636270046234131,3.2921457290649414,4.280800819396973,4.493162155151367,5.176580429077148,4.646960258483887,4.170099258422852,4.192320346832275,5.058015823364258,3.417445659637451,3.485775947570801,3.485775947570801,3.5494422912597656,3.5315890312194824,3.178356170654297,2.524597644805908,2.558011054992676,2.558011054992676,1.4242318868637085,0.0
0.0,2.5693306922912598,2.098471164703369,2.098471164703369,3.3288912773132324,3.3960533142089844,3.7984814643859863,3.636270046234131,3.2432379722595215,4.340447902679443,4.389396667480469,4.235777854919434,3.257336139678955,4.160525798797607,4.864138126373291,5.144335746765137,3.822455406188965,3.822455406188965,3.6091270446777344,3.2664384841918945,3.178356170654297,3.178356170654297,1.4418855905532837,2.558011054992676,2.558011054992676,0.4746403694152832,0.0
0.0,2.5693306922912598,0.9912704229354858,2.9853954315185547,2.6410741806030273,2.1548829078674316,3.480072021484375,4.422996520996094,4.422996520996094,4.351552486419678,4.168065547943115,4.724633693695068,4.9497456550598145,4.9497456550598145,4.864138126373291,5.144335746765137,3.904846668243408,3.904846668243408,3.6091270446777344,3.2664384841918945,3.1917715072631836,2.0161185264587402,1.3533164262771606,1.5082472562789917,1.5082472562789917,0.4746403694152832,0.0
0.0,0.08892369270324707,0.9912704229354858,2.070373058319092,3.662745952606201,3.662745952606201,2.899585723876953,4.422996520996094,4.422996520996094,4.351552486419678,3.526646137237549,4.724633693695068,4.9497456550598145,4.9497456550598145,4.343839645385742,4.720175266265869,3.904846668243408,3.904846668243408,2.873814105987549,2.9786806106567383,2.3274717330932617,1.9238330125808716,1.9238330125808716,0.6907248497009277,0.18761348724365234,0.0,0.0
0.0,0.0,1.7106577157974243,2.1460399627685547,2.070373058319092,2.226778030395508,2.226778030395508,3.546041965484619,3.162903308868408,3.2774229049682617,4.310013771057129,3.939577579498291,3.3567137718200684,3.269925594329834,4.343839645385742,4.720175266265869,3.4737887382507324,2.5139636993408203,2.2374486923217773,2.9786806106567383,2.3274717330932617,3.443467617034912,1.9565330743789673,0.0,0.0,0.0,0.0
0.0,0.0,0.0,0.38099968433380127,0.38099968433380127,3.579855442047119,1.8855372667312622,3.546041965484619,1.730080485343933,1.5705281496047974,2.4982690811157227,3.2755908966064453,3.1164498329162598,2.0952091217041016,2.107436180114746,2.107436180114746,2.858426094055176,3.138744354248047,3.138744354248047,0.48668360710144043,0.48668360710144043,3.443467617034912,1.1016737222671509,0.0,0.0,0.0,0.0
0.0,0.0,0.0,0.0,0.0,3.579855442047119,1.8855372667312622,2.390542507171631,2.2931742668151855,2.2931742668151855,1.9389687776565552,1.3475488424301147,2.125124454498291,2.823647975921631,1.5535730123519897,1.7173720598220825,0.8325916528701782,3.138744354248047,3.138744354248047,0.10091245174407959,0.0,0.0,0.0,0.0,0.0,0.0,0.0
0.0,0.0,0.0,0.0,0.0,0.0,0.0,1.892309546470642,1.892309546470642,2.260572910308838,0.0,0.0,2.125124454498291,2.823647975921631,1.5535730123519897,1.5535730123519897,0.3766040802001953,0.0,0.0,0.0,0.0,0.0,0.10990726947784424,0.0,0.0,0.0,0.0
0.0,0.0,0.0,0.0,0.3383522033691406,0.0,0.0,0.0,0.566490888595581,0.566490888595581,2.09511137008667,2.09511137008667,1.3189233541488647,1.2549108266830444,0.02881181240081787,0.0,0.0,0.0,0.0,0.0,0.0,0.0,0.10990726947784424,0.0,0.0,0.0,0.0
0.0,0.0,0.0,0.0,0.3383522033691406,0.0,0.0,0.0,2.39329195022583,2.39329195022583,2.09511137008667,2.09511137008667,1.131198763847351,0.5049158334732056,0.5049158334732056,0.28621864318847656,0.28621864318847656,0.29629766941070557,0.38181769847869873,0.0,0.0,0.0,0.0,0.0,0.0,0.0,0.0
0.0,0.0,0.0,0.0,0.0,0.0,0.0,0.0,2.2412729263305664,2.2412729263305664,1.5908159017562866,1.5908159017562866,1.0334123373031616,1.0503038167953491,0.95014488697052,0.5998191833496094,1.1986995935440063,0.6000409126281738,0.38181769847869873,0.0,0.0,0.0,0.0,0.0,0.0,0.0,0.0
0.0,0.5958676338195801,0.5958676338195801,0.0,0.0,0.0,0.0,0.0,2.2412729263305664,2.2412729263305664,1.9963678121566772,1.977188229560852,1.8657747507095337,2.0973877906799316,2.0973877906799316,1.8223909139633179,1.6869336366653442,1.5692247152328491,1.3763378858566284,0.0,0.0,0.0,0.0,0.0,0.0,0.0,0.0
0.0,0.5958676338195801,0.5958676338195801,0.0,0.0,0.0,0.0,0.0,0.0,1.9387677907943726,2.8527636528015137,3.2805986404418945,3.2805986404418945,2.0973877906799316,2.0973877906799316,2.3051586151123047,1.895565152168274,1.895565152168274,1.3763378858566284,0.0,0.0,0.0,0.0,0.0,0.0,0.0,0.0
0.0,0.4814807176589966,0.4814807176589966,0.0,0.0,0.0,0.0,0.0,0.0,1.4743505716323853,2.7685084342956543,3.2805986404418945,3.2805986404418945,2.5075559616088867,2.694706916809082,2.694706916809082,1.895565152168274,1.895565152168274,0.0,0.0,0.0,0.0,0.0,0.0,0.0,0.0,0.0

Channel 59
1.4960976839065552,0.6804665327072144,0.22920449078083038,1.3980690240859985,2.0156776905059814,3.3499057292938232,3.7758591175079346,3.7758591175079346,5.554271221160889,3.70776104927063,4.532474517822266,5.493006706237793,5.686314105987549,5.686314105987549,3.997952938079834,5.864259719848633,6.220579147338867,5.927516460418701,7.947649955749512,7.947649955749512,6.946667194366455,2.907334327697754,1.5936869382858276,0.8817193508148193,0.2280886322259903,0.6904104948043823,0.6904104948043823
1.8894217014312744,0.19174261391162872,0.30182188749313354,1.3980690240859985,3.6022212505340576,3.6022212505340576,4.199111461639404,3.7758591175079346,3.520803451538086,2.263361692428589,2.8371083736419678,2.8371083736419678,2.7784922122955322,2.7784922122955322,2.8781938552856445,3.2899229526519775,3.2899229526519775,5.670539855957031,5.670539855957031,6.946667194366455,6.946667194366455,6.7763848304748535,6.591590881347656,1.8012412786483765,0.23066507279872894,0.6904104948043823,0.6904104948043823
1.8894217014312744,0.8715164661407471,1.1302158832550049,3.275956630706787,5.086143493652344,5.086143493652344,2.834165096282959,2.702031135559082,3.520803451538086,1.9038710594177246,2.25899076461792,2.5899159908294678,2.3350932598114014,1.5886355638504028,1.589493751525879,2.5973920822143555,3.060260772705078,3.060260772705078,2.541593551635742,1.7301908731460571,5.514614582061768,6.7763848304748535,6.591590881347656,6.254420280456543,0.7708500623703003,0.8002055883407593,1.100861668586731
0.5450133681297302,0.5173781514167786,2.6002206802368164,3.275956630706787,3.275956630706787,2.4085564613342285,3.549133062362671,3.6640069484710693,1.8359028100967407,1.7441755533218384,2.25899076461792,2.5899159908294678,1.7845097780227661,0.8339580297470093,3.2950828075408936,3.2950828075408936,3.060260772705078,3.060260772705078,2.7798960208892822,3.6386165618896484,3.6386165618896484,4.647278785705566,6.0023369789123535,8.372040748596191,6.201519012451172,0.8002055883407593,1.100861668586731
0.7807390093803406,0.7807390093803406,3.399519920349121,3.399519920349121,3.5371344089508057,3.5371344089508057,3.549133062362671,3.6640069484710693,3.120863437652588,3.7904751300811768,3.7904751300811768,2.7181239128112793,2.660433053970337,5.9217095375061035,5.9217095375061035,3.414916515350342,3.414916515350342,3.8540287017822266,5.331418514251709,4.096463203430176,2.8863556385040283,2.2344164848327637,3.2692713737487793,6.201519012451172,6.201519012451172,2.9346134662628174,1.0080903768539429
4.35065221786499,0.9813095927238464,2.9953322410583496,2.9953322410583496,2.939972400665283,3.9083447456359863,1.929039478302002,3.120863437652588,3.120863437652588,1.3539977073669434,0.19394870102405548,5.458763599395752,5.458763599395752,2.4695067405700684,2.911294460296631,3.414916515350342,4.112608909606934,5.0172882080078125,2.8758175373077393,2.285794973373413,2.0783655643463135,2.0783655643463135,2.6129376888275146,3.40309739112854,5.2526044845581055,5.122486114501953,0.0
4.35065221786499,1.5365476608276367,1.5365476608276367,1.5760524272918701,2.939972400665283,3.9083447456359863,1.929039478302002,2.427002191543579,2.8386409282684326,4.934429168701172,4.934429168701172,5.458763599395752,5.458763599395752,2.735515594482422,4.978695392608643,4.394216537475586,4.244623184204102,5.017576694488525,3.1531901359558105,6.642125606536865,6.642125606536865,1.068876028060913,3.006603479385376,3.006603479385376,5.122486114501953,5.122486114501953,1.3938109874725342
2.513359785079956,2.513359785079956,1.5365476608276367,1.0677647590637207,1.0677647590637207,1.0228337049484253,1.170326828956604,2.2955050468444824,2.2955050468444824,1.553055763244629,1.5828664302825928,1.195095181465149,2.4959213733673096,2.955679416656494,3.4179553985595703,3.4179553985595703,1.9017767906188965,1.2969142198562622,0.09015662968158722,4.797932147979736,4.797932147979736,0.992557942867279,3.4105162620544434,3.5516068935394287,5.030453681945801,6.152879238128662,3.043163776397705
1.8176851272583008,0.7962308526039124,1.7249382734298706,1.7249382734298706,2.0118963718414307,2.641566514968872,3.32787823677063,2.551054000854492,4.414164066314697,4.23357629776001,1.8474973440170288,4.152651309967041,4.152651309967041,3.051340103149414,3.4179553985595703,3.4179553985595703,1.6110161542892456,0.27995914220809937,3.2143197059631348,3.2143197059631348,3.4344704151153564,4.348048210144043,2.3524692058563232,0.9928571581840515,2.8159902095794678,3.043163776397705,3.043163776397705
1.6434557437896729,1.5689183473587036,1.5689183473587036,2.977090835571289,2.977090835571289,2.641566514968872,3.32787823677063,2.551054000854492,2.051758050918579,2.051758050918579,0.0054132044315338135,0.0,2.5504372119903564,7.683079719543457,7.683079719543457,0.3014445900917053,7.462101936340332,8.327417373657227,7.5016255378723145,2.8934123516082764,3.1990702152252197,2.6065025329589844,1.0875357389450073,0.3759440779685974,1.9249117374420166,5.703258037567139,5.703258037567139
2.968312978744507,1.5689183473587036,2.358973741531372,2.977090835571289,2.977090835571289,2.0053887367248535,0.10420182347297668,0.01523543894290924,0.5237661004066467,4.3018574714660645,6.106555938720703,3.8644635677337646,0.0,1.8620719909667969,1.8620719909667969,0.0,4.905484676361084,8.327417373657227,7.5016255378723145,2.6145966053009033,3.1990702152252197,1.9970133304595947,3.876682758331299,3.876682758331299,2.6924853324890137,3.0146589279174805,3.0146589279174805
1.2276450395584106,0.0,0.36248695850372314,0.36248695850372314,4.720387935638428,4.720387935638428,3.8863816261291504,4.630387306213379,3.1911935806274414,1.1048346757888794,2.3779854774475098,1.4564768075942993,0.04818534851074219,1.0763812065124512,3.8282887935638428,3.8909435272216797,1.8363926410675049,0.0,0.0,0.0,3.753676652908325,5.958921909332275,5.08125114440918,2.5094799995422363,1.3817962408065796,1.6748279333114624,1.6748279333114624
0.7702497243881226,0.4118139147758484,1.8539067506790161,2.9414310455322266,2.914022922515869,4.234428405761719,3.8863816261291504,4.630387306213379,3.1911935806274414,3.4280967712402344,3.4280967712402344,3.29130220413208,2.031935930252075,1.0763812065124512,3.8282887935638428,3.8909435272216797,1.8363926410675049,0.0,3.904731273651123,6.370281219482422,4.408743858337402,1.1363484859466553,1.9975996017456055,1.9975996017456055,1.6916193962097168,2.722263813018799,2.722263813018799
0.7702497243881226,0.6936143636703491,2.178454875946045,2.9414310455322266,6.087895393371582,6.087895393371582,3.478773593902588,2.6192405223846436,0.1965334266424179,3.4280967712402344,3.4280967712402344,0.9056244492530823,0.8059410452842712,0.6257832050323486,1.9097683429718018,1.1059733629226685,5.402798652648926,5.402798652648926,3.904731273651123,6.370281219482422,4.408743858337402,2.9724154472351074,3.798567533493042,4.965545177459717,1.2935432195663452,2.1922249794006348,2.1922249794006348
0.6719277501106262,0.6936143636703491,0.41078823804855347,0.0,6.087895393371582,6.087895393371582,3.478773593902588,2.6192405223846436,0.2721553444862366,0.861873984336853,0.5712229013442993,6.059307098388672,6.185635089874268,3.0857553482055664,4.811100959777832,3.9426355361938477,5.402798652648926,5.402798652648926,1.7946606874465942,3.3651952743530273,3.3651952743530273,1.4215993881225586,2.038296937942505,1.092600703239441,1.0156735181808472,1.9390740394592285,0.42569321393966675
0.0,0.41078823804855347,0.41078823804855347,0.29831165075302124,0.29831165075302124,0.0,0.5382118821144104,6.473739147186279,6.473739147186279,3.4319205284118652,2.20029616355896,6.059307098388672,6.185635089874268,3.624011516571045,1.3370413780212402,1.0894925594329834,2.433187246322632,2.433187246322632,1.7946606874465942,3.6047017574310303,3.6047017574310303,0.8008434176445007,0.7380739450454712,0.18172357976436615,0.9568837285041809,0.9568837285041809,1.2283719778060913
1.8351104259490967,1.638124942779541,0.0,0.0,0.0,1.9510416984558105,1.762451410293579,4.8236799240112305,5.114212512969971,2.5763089656829834,0.5639966726303101,0.008979320526123047,0.008979320526123047,0.0,1.405371069908142,3.523050546646118,2.433187246322632,2.433187246322632,0.44488418102264404,2.1179683208465576,2.1179683208465576,0.0,0.7380739450454712,0.0,0.5966060757637024,0.9651946425437927,1.2283719778060913
0.603000819683075,1.2401432991027832,1.2401432991027832,0.0,0.0,0.0,0.32409846782684326,0.5874683856964111,0.0,3.051034688949585,3.9428672790527344,1.5082091093063354,3.4284043312072754,3.4284043312072754,3.3517627716064453,3.523050546646118,2.172703504562378,0.490196168422699,0.0,2.1179683208465576,2.1179683208465576,0.0,0.0,1.5062536001205444,1.5062536001205444,1.0930166244506836,0.18063758313655853
1.9124698638916016,1.3860626220703125,1.3860626220703125,0.0,0.0,1.1702567338943481,0.3151308298110962,0.5874683856964111,0.0,0.0,0.0,0.4374891519546509,0.0,3.3517627716064453,3.3517627716064453,0.0,0.0,0.42860645055770874,0.42860645055770874,0.0,0.0,0.0,2.8041441440582275,2.8041441440582275,2.529663562774658,2.3898072242736816,3.139052152633667
1.9124698638916016,1.3860626220703125,1.5431857109069824,1.4915465116500854,0.4547384977340698,0.0,0.0,0.0,0.0,0.0,0.0,0.0,0.0,0.9600545763969421,0.0,0.0,0.0,0.0,0.0,0.7565988302230835,1.206587314605713,2.908200263977051,3.734572172164917,2.8041441440582275,2.529663562774658,2.3211071491241455,3.139052152633667
1.8761626482009888,1.8761626482009888,1.4915465116500854,1.4915465116500854,1.7898294925689697,1.4660519361495972,1.4660519361495972,0.09608185291290283,0.5379599928855896,0.9277597069740295,3.244612455368042,3.5472419261932373,3.5472419261932373,0.8758846521377563,0.8758846521377563,0.8047406673431396,2.6114649772644043,2.6114649772644043,1.4558680057525635,2.622500419616699,2.622500419616699,2.908200263977051,3.734572172164917,1.0468944311141968,3.584296941757202,3.584296941757202,0.6916165947914124
1.8761626482009888,2.387892484664917,3.28668475151062,4.519822597503662,5.713720798492432,5.3556413650512695,4.714439868927002,0.5808922052383423,1.6180208921432495,2.670612096786499,5.108301639556885,3.8209331035614014,3.5472419261932373,1.132584810256958,1.2938034534454346,1.2316299676895142,2.6114649772644043,3.763183832168579,3.763183832168579,1.0445599555969238,1.9611260890960693,1.9611260890960693,2.5617623329162598,3.083059072494507,3.584296941757202,3.584296941757202,0.8734345436096191
3.4143495559692383,2.74607515335083,3.28668475151062,3.28668475151062,5.3556413650512695,5.3556413650512695,4.714439868927002,2.9864978790283203,1.719329595565796,3.773796796798706,2.8696324825286865,2.894422769546509,1.8952031135559082,1.132584810256958,1.132584810256958,1.0882503986358643,2.673903465270996,3.763183832168579,4.480395317077637,1.9528427124023438,0.10776218771934509,0.08142068982124329,2.5617623329162598,3.083059072494507,1.4623854160308838,0.8734345436096191,0.8734345436096191
3.4143495559692383,1.9308528900146484,1.8038898706436157,0.5077665448188782,0.7633389234542847,1.8990566730499268,2.6860945224761963,2.6860945224761963,0.0,3.6476216316223145,3.6476216316223145,2.894422769546509,1.8952031135559082,1.0210579633712769,1.2746366262435913,1.7454291582107544,2.178713321685791,2.178713321685791,2.4886322021484375,1.9528427124023438,0.2856748104095459,0.3124185800552368,0.14488302171230316,1.4623854160308838,1.4623854160308838,0.6186995506286621,0.9998113512992859
3.339979410171509,3.7667572498321533,2.9540481567382812,2.313586950302124,0.7649241089820862,0.7649241089820862,1.8556671142578125,1.8556671142578125,0.0,1.9541881084442139,3.6009833812713623,1.4785139560699463,1.4785139560699463,1.6186015605926514,1.617258906364441,2.705097198486328,2.705097198486328,1.6367440223693848,1.7101067304611206,1.6644437313079834,0.2637396454811096,0.3124185800552368,0.14488302171230316,0.4245414733886719,0.8999733328819275,0.5642577409744263,4.188509941101074
1.3289554119110107,2.774561882019043,2.9540481567382812,2.313586950302124,0.5787113308906555,0.7633104920387268,0.0,1.6186996698379517,2.948683500289917,2.948683500289917,3.6009833812713623,1.1791985034942627,0.5878177285194397,0.8423030376434326,0.8423030376434326,2.705097198486328,2.705097198486328,0.48864656686782837,1.7101067304611206,0.7555423974990845,0.6876182556152344,0.23070459067821503,0.9087561964988708,1.6174836158752441,4.4281463623046875,4.4281463623046875,2.063204526901245
2.2056708335876465,2.2056708335876465,0.4439517855644226,0.5408512353897095,0.8840793967247009,1.3563646078109741,1.3563646078109741,0.0,2.948683500289917,2.948683500289917,0.3247835040092468,0.0,0.0,0.0,0.0,0.0,0.5752914547920227,1.257272720336914,1.0210535526275635,0.6876182556152344,3.1217691898345947,5.188514232635498,5.188514232635498,4.8636860847473145,4.4281463623046875,4.4281463623046875,3.3354039192199707

Channel 60
1.16670560836792,1.9155091047286987,1.6263988018035889,1.7891535758972168,2.7884483337402344,1.5647491216659546,1.5647491216659546,1.4573265314102173,1.4573265314102173,0.8472989201545715,0.9861894845962524,1.2761311531066895,1.2761311531066895,1.7522542476654053,1.3855353593826294,0.5258647203445435,1.25010085105896,1.25010085105896,1.4003291130065918,1.7758188247680664,2.14011287689209,2.14011287689209,1.6625136137008667,1.6625136137008667,0.7184573411941528,0.8562701940536499,4.841298580169678
1.16670560836792,1.9155091047286987,1.06508469581604,1.7891535758972168,1.4005197286605835,2.079786777496338,1.2854115962982178,1.2854115962982178,1.1875191926956177,0.8603851199150085,1.2038602828979492,1.2038602828979492,0.8065466284751892,0.77446049451828,1.3855353593826294,0.9782750606536865,1.0209259986877441,1.0209259986877441,1.4003291130065918,1.4003291130065918,2.14011287689209,2.14011287689209,1.2315449714660645,0.5334674715995789,0.7147707939147949,0.949930727481842,0.949930727481842
1.0512580871582031,1.0249098539352417,1.4887291193008423,1.4549987316131592,1.0118894577026367,1.6417999267578125,1.6417999267578125,0.899239182472229,0.899239182472229,0.8949307203292847,1.195819616317749,1.195819616317749,0.9909518957138062,1.0369187593460083,1.1454716920852661,1.3156300783157349,0.7691762447357178,1.2924243211746216,0.6456547975540161,0.8922709226608276,0.6762585639953613,0.9755915403366089,1.0773522853851318,1.6575406789779663,1.5587642192840576,0.949930727481842,0.949930727481842
1.0512580871582031,2.307300090789795,1.7208082675933838,1.7208082675933838,0.6338456869125366,0.6338456869125366,1.2866183519363403,0.899239182472229,0.899239182472229,0.3866463899612427,1.195819616317749,2.309711456298828,0.8088235855102539,1.0369187593460083,0.7646542191505432,1.3156300783157349,0.5257192254066467,1.2924243211746216,0.8862492442131042,1.5948749780654907,1.5948749780654907,0.9755915403366089,0.39459022879600525,1.6575406789779663,1.5587642192840576,2.1686549186706543,2.1686549186706543
0.5226959586143494,1.3597687482833862,1.0118277072906494,1.5324242115020752,0.6583551168441772,0.49197569489479065,1.2866183519363403,0.832254946231842,0.832254946231842,0.7519500255584717,0.6239870190620422,2.309711456298828,0.9146924614906311,0.9146924614906311,0.7220625877380371,0.8164080381393433,1.1345123052597046,1.1345123052597046,1.1035789251327515,1.5948749780654907,1.5948749780654907,0.7907875180244446,1.292336344718933,0.5409501194953918,1.0399986505508423,0.5029652118682861,0.5940342545509338
1.0260177850723267,1.0260177850723267,0.5982365608215332,0.48675623536109924,0.5287840366363525,0.5287840366363525,0.6148627400398254,0.832254946231842,0.832254946231842,0.5108312964439392,0.7088316679000854,0.9368168115615845,0.6176944971084595,0.6176944971084595,0.6410306692123413,0.6410306692123413,0.8859636783599854,0.662585973739624,0.6624830365180969,0.59879469871521,0.5558112859725952,0.6450153589248657,1.292336344718933,0.5829007029533386,1.0399986505508423,0.870461106300354,0.3754968047142029
0.8302768468856812,0.8945383429527283,0.8945383429527283,0.48409828543663025,0.5287840366363525,0.6108927726745605,0.6108927726745605,0.7678259015083313,0.7678259015083313,0.5046139359474182,0.7088316679000854,0.7088316679000854,0.6719040870666504,0.5578773617744446,0.5807658433914185,0.5807658433914185,0.8859636783599854,0.5328785181045532,0.6624830365180969,0.8213225603103638,0.8213225603103638,0.548469066619873,0.6922000050544739,0.6116358041763306,0.870461106300354,2.3588457107543945,0.3754968047142029
0.9834403991699219,0.9834403991699219,0.7891021966934204,0.7891021966934204,0.6721745133399963,0.437527596950531,0.4126887917518616,0.7678259015083313,1.021251916885376,0.5161961913108826,0.5409854650497437,0.507383406162262,0.864067554473877,0.864067554473877,0.7542538642883301,0.48013028502464294,0.4368980824947357,0.45178771018981934,0.5449188947677612,0.5317153930664062,0.5646317601203918,0.6376340985298157,0.6922000050544739,0.6116358041763306,1.126102089881897,2.3588457107543945,0.34438925981521606
1.9934701919555664,1.0055757761001587,1.398371696472168,1.398371696472168,0.6721745133399963,0.929435133934021,0.929435133934021,0.6044177412986755,0.8223955035209656,0.8223955035209656,0.6667196154594421,0.49597492814064026,0.5081642270088196,0.6249740719795227,0.6334535479545593,0.48013028502464294,0.4032064974308014,0.7591153979301453,0.7761478424072266,0.7761478424072266,0.7645887136459351,0.6376340985298157,0.6376340985298157,0.4583955705165863,1.126102089881897,0.19818569719791412,0.768576443195343
1.9489928483963013,1.0055757761001587,0.6221391558647156,0.5852406024932861,0.6094577312469482,0.929435133934021,0.929435133934021,0.5411970615386963,0.6667527556419373,0.7632651925086975,0.7632651925086975,0.5757390856742859,0.4988035261631012,0.7297754883766174,0.775856077671051,0.4628913700580597,0.5158746242523193,0.5863354206085205,0.8047289252281189,0.8047289252281189,0.7986733913421631,0.7986733913421631,0.4496864676475525,0.4583955705165863,1.1256909370422363,0.3292846977710724,0.5200610756874084
0.4018155336380005,0.6221391558647156,0.6221391558647156,0.7224847674369812,0.9858154058456421,0.5834959149360657,0.5624107122421265,0.6985935568809509,0.7594606876373291,0.8487876653671265,0.8487876653671265,0.7119436860084534,0.5158376097679138,0.6370322704315186,0.6454426050186157,0.6554149389266968,0.42244526743888855,0.5024611353874207,0.7339741587638855,0.510651707649231,0.7986733913421631,0.9456456303596497,0.9456456303596497,0.6946067214012146,0.9816539287567139,0.9816539287567139,0.5223648548126221
0.8498000502586365,0.9269482493400574,0.6056200861930847,0.6056200861930847,0.7538289427757263,1.3294787406921387,0.740631639957428,0.7265119552612305,0.7594606876373291,0.7594606876373291,0.6072553396224976,0.6010119318962097,0.5158376097679138,1.19926917552948,1.19926917552948,0.6554149389266968,0.5243490934371948,0.5243490934371948,0.44020333886146545,0.44020333886146545,0.5109625458717346,0.7616135478019714,0.8119743466377258,0.8119743466377258,0.9822145700454712,0.9816539287567139,0.9149512052536011
0.8498000502586365,0.9269482493400574,0.7398564219474792,0.6777065396308899,0.6777065396308899,1.0267189741134644,0.740631639957428,0.7212861776351929,0.7212861776351929,0.7455816864967346,0.6278771162033081,0.9788376092910767,0.9788376092910767,0.8838135600090027,0.987576961517334,0.6266660690307617,0.6266660690307617,0.5619344711303711,0.8318315744400024,0.8318315744400024,0.7176011204719543,1.13553786277771,1.13553786277771,0.9168574213981628,0.9822145700454712,2.2521302700042725,2.2521302700042725
1.2408194541931152,1.125880479812622,0.7398564219474792,0.6777065396308899,0.8754351139068604,0.8156536221504211,1.3621280193328857,0.9491681456565857,1.471904993057251,1.0338307619094849,1.0338307619094849,0.6902987360954285,0.9297370910644531,0.9309223890304565,0.9309223890304565,0.7236652374267578,0.614982008934021,0.614982008934021,0.8318315744400024,0.8318315744400024,0.5889037251472473,0.6445215344429016,1.1779935359954834,1.1779935359954834,1.4893767833709717,1.4893767833709717,0.6207237839698792
1.8882664442062378,1.8882664442062378,1.7908645868301392,1.7908645868301392,0.9345624446868896,0.9869314432144165,1.3621280193328857,0.8524820804595947,1.471904993057251,0.7337076663970947,0.7140486836433411,0.7140486836433411,0.9297370910644531,0.9309223890304565,0.9309223890304565,0.9064338207244873,0.7408756017684937,0.7408756017684937,0.7104163765907288,0.729759693145752,0.729759693145752,0.8071104288101196,1.1779935359954834,1.1779935359954834,1.4893767833709717,1.9030932188034058,0.4298626184463501
1.8882664442062378,1.8882664442062378,1.7908645868301392,1.7908645868301392,0.9345624446868896,0.9869314432144165,0.9869314432144165,0.5880286693572998,0.6110793352127075,0.6110793352127075,0.8768725991249084,0.7140486836433411,0.8755711913108826,0.8755711913108826,1.1364314556121826,1.1364314556121826,1.049270749092102,0.6016198396682739,0.6331304311752319,0.720672607421875,0.720672607421875,2.0719423294067383,2.0719423294067383,0.551705002784729,0.35897448658943176,1.9030932188034058,1.08590567111969
3.332068920135498,2.11293888092041,1.030908226966858,1.654206395149231,1.654206395149231,1.17753267288208,1.17753267288208,1.17856764793396,0.6882563829421997,0.9232681393623352,1.311183214187622,0.5219724178314209,0.8771958351135254,1.1774150133132935,1.1774150133132935,1.1364314556121826,1.049270749092102,1.038160800933838,0.6008214354515076,0.720672607421875,0.720672607421875,2.2320291996002197,2.2320291996002197,0.6688172221183777,0.6912742853164673,0.15524502098560333,0.630244791507721
2.11293888092041,2.11293888092041,1.2784225940704346,0.6783362627029419,0.4520912766456604,1.4190521240234375,1.6408013105392456,1.17856764793396,0.9790023565292358,1.0338284969329834,1.0338284969329834,0.7067107558250427,0.8771958351135254,1.385918140411377,1.385918140411377,1.3550306558609009,1.1693753004074097,0.8876544237136841,1.0092648267745972,1.0092648267745972,0.7018049359321594,0.9903285503387451,0.726477861404419,0.2117922306060791,0.2724325954914093,0.48939135670661926,0.20498719811439514
1.3429328203201294,1.5530123710632324,1.220644474029541,0.8798117637634277,2.858184576034546,0.8151158094406128,1.638342022895813,1.6744658946990967,1.300114393234253,1.300114393234253,1.0338284969329834,0.8128635883331299,0.8042765259742737,2.256998062133789,0.6360120177268982,0.8660988807678223,1.131081461906433,1.2368243932724,1.793171763420105,1.793171763420105,0.35282644629478455,0.35282644629478455,0.4690023362636566,0.3574284315109253,0.3574284315109253,1.0363430976867676,1.0363430976867676
1.5015978813171387,1.3429328203201294,2.072144031524658,1.0540348291397095,0.6863873600959778,1.0334386825561523,0.6876521706581116,1.059326171875,1.059326171875,0.5709380507469177,0.5686784386634827,0.7923536896705627,0.8042765259742737,0.8042765259742737,0.60246342420578,1.1812494993209839,1.3180917501449585,2.087702512741089,2.087702512741089,0.6276695728302002,0.6535799503326416,0.6535799503326416,0.4721015989780426,1.1412110328674316,0.2624872326850891,0.4917604625225067,2.357694387435913
2.214592218399048,1.240116834640503,1.767896294593811,1.918115496635437,0.49542543292045593,0.4743208587169647,1.148871898651123,0.9540681838989258,1.7214397192001343,1.7214397192001343,0.7033959627151489,0.7172907590866089,0.32678964734077454,0.30386117100715637,0.9668149948120117,1.1812494993209839,1.1812494993209839,0.5523380637168884,0.501078188419342,0.501078188419342,0.6535799503326416,0.6535799503326416,1.316089153289795,1.1412110328674316,0.7334101796150208,0.6562396287918091,0.6562396287918091
1.0639278888702393,1.1939010620117188,1.3913301229476929,2.0059075355529785,0.2791222631931305,0.7978608012199402,0.8458336591720581,0.5550013780593872,1.7214397192001343,1.7214397192001343,0.7033959627151489,0.9148310422897339,0.9148310422897339,1.1978044509887695,0.9668149948120117,0.9668149948120117,0.8948661684989929,2.4329721927642822,2.4329721927642822,0.8743870258331299,0.8743870258331299,0.6209806799888611,1.316089153289795,0.626441240310669,0.626441240310669,1.2265628576278687,1.5069217681884766
1.5546190738677979,1.1939010620117188,1.560539722442627,1.473526954650879,0.30439379811286926,0.6831308603286743,0.8458336591720581,0.5550013780593872,0.8581544160842896,0.8297520875930786,0.8269725441932678,0.9148310422897339,1.2562994956970215,1.1978044509887695,0.6685090065002441,0.21937251091003418,0.8948661684989929,2.4329721927642822,2.4329721927642822,0.8743870258331299,0.8743870258331299,0.48881450295448303,0.45327770709991455,1.4158662557601929,1.4158662557601929,1.6375972032546997,2.2777371406555176
1.5546190738677979,1.0102591514587402,1.0102591514587402,0.28777414560317993,0.30439379811286926,0.30439379811286926,0.5269479155540466,0.42510950565338135,1.7167388200759888,0.6094369292259216,0.2328331470489502,0.48651042580604553,0.21591255068778992,0.3183501362800598,0.3183501362800598,0.42625898122787476,1.221483826637268,0.5971534848213196,1.4246671199798584,1.4246671199798584,0.22954845428466797,0.7984382510185242,0.2977207899093628,1.4158662557601929,1.4158662557601929,0.5828267335891724,2.2777371406555176
0.8681524991989136,0.5166589617729187,0.5166589617729187,0.28210628032684326,0.4241710305213928,0.43776458501815796,0.41925063729286194,0.3220245838165283,0.6519452333450317,0.6094369292259216,1.084477186203003,0.21908926963806152,0.22355511784553528,0.22355511784553528,0.881472647190094,0.42625898122787476,1.221483826637268,1.0197752714157104,1.0197752714157104,1.1559112071990967,0.6659495234489441,0.7984382510185242,0.48862776160240173,0.8040731549263,0.9603139162063599,0.9603139162063599,1.048186182975769
0.7228217720985413,0.3039402961730957,0.3970477283000946,0.28210628032684326,0.5636874437332153,0.43776458501815796,0.9796717166900635,0.4123574197292328,0.3821451961994171,1.3185431957244873,3.3949661254882812,3.3949661254882812,3.0579211711883545,1.2639296054840088,2.0552027225494385,2.0552027225494385,1.4069260358810425,1.450416922569275,1.0197752714157104,0.5939652919769287,1.0543073415756226,0.6659495234489441,0.5183732509613037,0.5183732509613037,0.38291433453559875,0.5976990461349487,1.048186182975769
0.7228217720985413,0.933006227016449,0.38116684556007385,0.3960438370704651,0.6199625134468079,0.6199625134468079,0.9796717166900635,0.4123574197292328,0.4860202372074127,0.7200828194618225,6.323541164398193,6.323541164398193,3.0579211711883545,2.491658926010132,2.0552027225494385,2.0552027225494385,1.6700371503829956,5.093289852142334,2.7598659992218018,1.1991890668869019,1.1991890668869019,0.6583974957466125,0.9475892186164856,1.1075992584228516,0.38291433453559875,0.8423596620559692,0.8423596620559692

Channel 61
1.161307454109192,1.161307454109192,1.0831739902496338,0.9460374116897583,0.8134130239486694,2.8021411895751953,3.7116503715515137,6.68782377243042,2.7748639583587646,1.2218599319458008,2.571091651916504,2.571091651916504,7.959571361541748,7.959571361541748,5.21174955368042,5.21174955368042,2.3937251567840576,5.018479347229004,6.922149658203125,6.922149658203125,2.7916669845581055,2.344162702560425,1.6214240789413452,1.7934670448303223,1.7934670448303223,0.7237701416015625,0.2705749571323395
0.8598067760467529,2.4335083961486816,1.7781198024749756,2.038137912750244,1.7895987033843994,2.8021411895751953,1.799123764038086,0.8622417449951172,1.7547016143798828,2.2340893745422363,5.379004001617432,5.379004001617432,6.228395938873291,6.228395938873291,5.299525737762451,5.467270851135254,6.2823920249938965,5.018479347229004,4.573456764221191,4.078132152557373,3.233689069747925,0.0,0.04093283414840698,1.7934670448303223,1.7934670448303223,0.1532144546508789,0.09740498661994934
0.7062127590179443,2.4335083961486816,1.7781198024749756,2.038137912750244,2.111906051635742,3.003200054168701,2.8640120029449463,1.3564850091934204,1.7547016143798828,2.2340893745422363,6.13178014755249,6.13178014755249,2.9034481048583984,5.299525737762451,5.371870994567871,2.811696767807007,3.4653496742248535,3.4653496742248535,0.8830339908599854,4.078132152557373,3.233689069747925,3.8701839447021484,4.471242427825928,2.838176965713501,1.1455849409103394,1.4249389171600342,1.4249389171600342
1.8730180263519287,1.9559416770935059,2.20341420173645,2.071178913116455,2.071178913116455,1.6297111511230469,3.658133029937744,1.510750412940979,1.3564850091934204,2.1921701431274414,2.1921701431274414,2.220594882965088,2.9034481048583984,4.308909893035889,5.371870994567871,2.811696767807007,0.8198947906494141,3.5860702991485596,3.5860702991485596,2.3284857273101807,2.3284857273101807,3.8701839447021484,2.395247220993042,1.7859575748443604,1.7859575748443604,1.4249389171600342,1.4249389171600342
1.8963775634765625,1.8963775634765625,2.20341420173645,2.071178913116455,2.071178913116455,0.5916976928710938,0.40002021193504333,0.85271155834198,0.7866084575653076,2.1921701431274414,2.1921701431274414,2.220594882965088,1.5908584594726562,2.8027241230010986,2.939976215362549,2.524339437484741,2.524339437484741,3.5860702991485596,3.5860702991485596,0.8630803823471069,2.0453097820281982,1.802677869796753,5.624181270599365,4.893062591552734,0.5105190277099609,0.6350682973861694,0.2965189516544342
1.9816460609436035,1.9816460609436035,1.511928677558899,1.2268197536468506,1.6135188341140747,2.4548940658569336,1.4564518928527832,1.6120655536651611,3.484649181365967,3.168504238128662,3.231184720993042,4.537475109100342,4.7863945960998535,1.9281303882598877,1.784989833831787,0.9591082334518433,2.5059316158294678,5.355523109436035,3.460364818572998,3.719845771789551,3.719845771789551,1.302594542503357,1.2457748651504517,2.827704906463623,4.7932353019714355,3.7605156898498535,0.5774863958358765
1.9816460609436035,1.9816460609436035,3.4531936645507812,1.8615400791168213,0.0,0.0,0.0,1.6120655536651611,3.484649181365967,3.168504238128662,3.231184720993042,2.0330846309661865,2.1907122135162354,2.1907122135162354,1.784989833831787,0.0,0.0,0.0,0.0,3.719845771789551,3.719845771789551,1.2457748651504517,2.530855417251587,2.827704906463623,4.7932353019714355,3.7605156898498535,1.7322826385498047
1.1028753519058228,1.3028233051300049,3.1365396976470947,3.1365396976470947,1.4510661363601685,1.8848941326141357,0.09875926375389099,0.6642310619354248,5.063014984130859,5.063014984130859,0.7326322793960571,1.3638312816619873,2.1907122135162354,2.1907122135162354,1.7136900424957275,0.2554797828197479,0.0,0.0,2.0830817222595215,2.0830817222595215,3.2547080516815186,3.3963189125061035,1.3562077283859253,0.0,0.0,1.312052607536316,1.312052607536316
2.294463872909546,2.294463872909546,3.1365396976470947,3.1365396976470947,0.1293114423751831,1.7304372787475586,3.5044572353363037,2.4987781047821045,5.063014984130859,5.063014984130859,0.7326322793960571,1.3638312816619873,0.7408757209777832,3.1211695671081543,3.1211695671081543,0.1754852831363678,1.660188913345337,1.8833250999450684,2.0830817222595215,2.0830817222595215,3.2547080516815186,3.3963189125061035,1.3562077283859253,0.13102233409881592,2.7397425174713135,3.0436253547668457,1.9321403503417969
2.294463872909546,2.294463872909546,0.08965957164764404,1.3340927362442017,2.618069887161255,1.7325842380523682,0.0,0.0,0.7990521192550659,3.6343700885772705,5.5642619132995605,3.401703357696533,0.7408757209777832,3.1211695671081543,3.1211695671081543,0.11315876245498657,1.660188913345337,1.8833250999450684,1.8833250999450684,3.1177170276641846,3.1177170276641846,1.3714299201965332,1.419030785560608,1.691540002822876,3.497600555419922,3.497600555419922,1.538651704788208
0.46881166100502014,0.5316660404205322,0.424070805311203,0.0,1.641081690788269,3.5624117851257324,2.5606110095977783,2.733644962310791,2.733644962310791,3.6343700885772705,5.5642619132995605,3.401703357696533,1.2285412549972534,1.2285412549972534,0.9021888971328735,0.6907051801681519,0.0,0.0,0.0,0.0,4.205349445343018,5.30463981628418,2.5837385654449463,1.5004769563674927,1.2856694459915161,0.7344868183135986,0.7344868183135986
0.7104052305221558,0.3588864505290985,0.7470275163650513,1.4875456094741821,1.641081690788269,3.5624117851257324,2.5606110095977783,2.733644962310791,2.733644962310791,0.0,0.0,0.6851975917816162,1.2285412549972534,1.2285412549972534,0.9021888971328735,0.6907051801681519,0.0,0.1808525025844574,0.1808525025844574,1.2001087665557861,4.205349445343018,5.30463981628418,2.924504041671753,2.924504041671753,2.907350778579712,1.6196565628051758,0.7049453258514404
3.6029398441314697,1.706601619720459,2.464543104171753,2.298823118209839,1.678954839706421,0.8661309480667114,0.8661309480667114,0.5912002325057983,0.47773292660713196,1.383158802986145,1.711392879486084,1.2821574211120605,1.62519109249115,0.6553491353988647,0.17936691641807556,1.1693925857543945,1.2245707511901855,1.3945419788360596,3.529301643371582,5.146062850952148,2.8233723640441895,3.904573917388916,3.904573917388916,2.924504041671753,3.1445729732513428,3.1445729732513428,2.6416845321655273
3.6029398441314697,2.113588809967041,2.113588809967041,0.05419924855232239,5.107260704040527,5.107260704040527,3.752263069152832,0.5912002325057983,0.47773292660713196,0.924714207649231,0.924714207649231,0.8871270418167114,0.0,0.8621854782104492,2.2151031494140625,0.7712229490280151,1.8130302429199219,1.3945419788360596,2.586850166320801,1.5877881050109863,2.8233723640441895,4.038557052612305,4.038557052612305,2.5486056804656982,3.1445729732513428,3.1445729732513428,0.8398919105529785
4.511221885681152,4.511221885681152,4.365597248077393,6.3270263671875,4.30418586730957,0.0,0.9909615516662598,1.9815711975097656,3.0802481174468994,2.081789493560791,0.924714207649231,2.4576873779296875,3.671391725540161,2.9320104122161865,2.2151031494140625,1.3153330087661743,4.248415946960449,4.61355447769165,2.586850166320801,4.064775466918945,4.265065670013428,4.038557052612305,5.281503200531006,3.8484315872192383,4.961727619171143,4.961727619171143,0.8398919105529785
1.6089874505996704,4.796963214874268,4.365597248077393,6.3270263671875,5.474308013916016,6.452320098876953,3.6571223735809326,1.9815711975097656,3.0802481174468994,2.081789493560791,1.3980380296707153,1.697110891342163,1.843587875366211,1.766240119934082,2.7197108268737793,3.511981964111328,4.248415946960449,4.61355447769165,1.7138242721557617,4.700192928314209,4.700192928314209,2.811086654663086,5.281503200531006,9.513689994812012,3.5151207447052,0.4035132825374603,1.317447304725647
1.0048032999038696,0.9809775352478027,4.089766025543213,4.089766025543213,5.474308013916016,6.452320098876953,3.6571223735809326,0.13772448897361755,0.0,2.06272554397583,2.339066982269287,2.8121817111968994,3.1688430309295654,2.496938705444336,2.7197108268737793,3.511981964111328,3.511981964111328,4.559594631195068,6.422947406768799,6.422947406768799,4.700192928314209,1.856654167175293,4.663990020751953,9.513689994812012,3.5151207447052,0.40915223956108093,1.317447304725647
3.089898109436035,2.249971866607666,4.089766025543213,4.089766025543213,3.170381546020508,0.6574851274490356,2.7850446701049805,2.280980348587036,3.1864616870880127,2.2808399200439453,2.7263824939727783,3.578784704208374,3.934661388397217,3.934661388397217,2.3184454441070557,2.6921069622039795,2.8826591968536377,2.9201486110687256,0.053505003452301025,3.7092552185058594,8.664609909057617,12.054582595825195,7.817149639129639,0.038775235414505005,0.14272081851959229,1.4397969245910645,1.8496980667114258
3.469231605529785,3.3016979694366455,2.0906741619110107,3.170381546020508,3.170381546020508,6.811482906341553,6.811482906341553,4.259203910827637,3.4079158306121826,3.4079158306121826,2.7263824939727783,3.578784704208374,3.934661388397217,3.934661388397217,0.09043189883232117,2.6921069622039795,5.874012470245361,9.066104888916016,9.066104888916016,5.775122165679932,0.6336566209793091,0.6336566209793091,1.3788341283798218,1.3788341283798218,0.3294946253299713,0.3294946253299713,1.0487990379333496
3.469231605529785,3.428321361541748,2.0906741619110107,0.6783692836761475,1.6665401458740234,6.811482906341553,6.811482906341553,6.811036109924316,8.51538372039795,5.337923049926758,3.617208480834961,2.415649175643921,2.5370211601257324,3.5824012756347656,4.451662063598633,4.1727142333984375,5.874012470245361,9.066104888916016,9.066104888916016,0.0,1.212883710861206,1.212883710861206,1.6790049076080322,2.153402090072632,1.0734435319900513,0.3294946253299713,0.7790591716766357
1.2591164112091064,1.9736857414245605,2.071303606033325,3.008138656616211,2.823338747024536,2.17814040184021,0.5056763887405396,0.8761193752288818,2.1830623149871826,5.337923049926758,3.617208480834961,0.3771975338459015,3.8488059043884277,5.386588096618652,2.2046475410461426,4.1727142333984375,4.1727142333984375,0.0,0.15521609783172607,0.767630934715271,1.212883710861206,3.286933660507202,4.007500171661377,2.985063314437866,2.985063314437866,3.6611201763153076,1.3984817266464233
1.2591164112091064,1.3880462646484375,2.071303606033325,1.033268690109253,1.1115045547485352,1.289262056350708,1.602559208869934,1.0773630142211914,0.8761193752288818,0.944819450378418,3.050039291381836,3.513684034347534,3.8488059043884277,5.386588096618652,0.7605630159378052,0.1984712779521942,0.1984712779521942,2.0834314823150635,2.0834314823150635,0.55732262134552,0.9327913522720337,1.3318077325820923,0.9525260925292969,2.985063314437866,2.985063314437866,3.6611201763153076,2.4019198417663574
2.2913637161254883,2.2913637161254883,0.03844323754310608,0.5096763372421265,1.1115045547485352,1.289262056350708,0.07084375619888306,1.0516043901443481,1.5404800176620483,0.5643316507339478,3.050039291381836,3.050039291381836,0.0,0.6836788654327393,0.6836788654327393,0.0,0.16109097003936768,1.6499255895614624,3.4214670658111572,2.895526885986328,0.969757080078125,1.7542901039123535,1.7542901039123535,1.1575545072555542,0.05583903193473816,1.864142656326294,2.4019198417663574
0.8468749523162842,0.36365655064582825,0.8444973230361938,0.7406197786331177,0.1471284031867981,0.0,0.14363938570022583,1.6815266609191895,4.680967330932617,3.830740451812744,1.4519222974777222,0.22542503476142883,0.0,0.0,0.0,2.5955593585968018,2.5955593585968018,0.9282094240188599,0.4955994784832001,1.449041724205017,1.062704086303711,0.4272185266017914,1.106824517250061,1.1575545072555542,0.0919809341430664,0.0,0.0
1.0826756954193115,0.9702638387680054,0.32422706484794617,0.7206283807754517,0.2428625524044037,0.04130247235298157,0.14363938570022583,0.42167744040489197,2.737119436264038,2.737119436264038,1.302150011062622,1.302150011062622,0.626537561416626,2.161919593811035,0.9308640956878662,2.5955593585968018,2.5955593585968018,3.6737253665924072,3.6737253665924072,0.6954449415206909,1.9205529689788818,1.9205529689788818,0.6619200706481934,0.6619200706481934,0.6917920112609863,4.432186603546143,4.432186603546143
0.9702638387680054,0.9702638387680054,0.32422706484794617,0.7206283807754517,0.2428625524044037,0.23377898335456848,0.45620211958885193,0.6056169271469116,2.737119436264038,5.795018196105957,5.795018196105957,5.169261455535889,2.2192323207855225,2.2192323207855225,1.207993984222412,3.1081087589263916,6.307914733886719,6.307914733886719,2.0705249309539795,1.0660591125488281,1.9205529689788818,1.9205529689788818,0.0,0.10906493663787842,0.7709786891937256,4.432186603546143,4.432186603546143
0.19436481595039368,0.5394974946975708,0.07341790199279785,0.012873440980911255,0.20997682213783264,0.23377898335456848,0.232217937707901,0.6056169271469116,1.0132750272750854,5.795018196105957,5.795018196105957,5.169261455535889,5.9688801765441895,11.201129913330078,11.201129913330078,3.1081087589263916,2.828583240509033,3.0140535831451416,2.3345377445220947,2.3345377445220947,1.2089684009552002,0.552390456199646,2.7688663005828857,2.7688663005828857,0.7709786891937256,0.7709786891937256,0.0

Channel 62
1.0958003997802734,0.6002978682518005,0.529836893081665,1.8200485706329346,2.7428667545318604,4.118069171905518,2.0738699436187744,0.4357186555862427,1.1104676723480225,1.1104676723480225,6.770298004150391,4.849214553833008,1.5349655151367188,0.21202945709228516,10.085253715515137,10.085253715515137,6.119002819061279,4.777746677398682,4.777746677398682,3.8561289310455322,3.8561289310455322,0.722527801990509,3.124920606613159,3.124920606613159,0.0,0.49185237288475037,1.6756370067596436
2.9189624786376953,1.9253743886947632,1.593868374824524,1.8200485706329346,1.7348593473434448,4.118069171905518,2.0738699436187744,0.14830458164215088,1.1104676723480225,4.618288040161133,3.744694709777832,5.342667102813721,2.5220530033111572,7.7761383056640625,7.7761383056640625,3.4864017963409424,5.327523708343506,4.777746677398682,4.777746677398682,2.433305025100708,2.433305025100708,0.0,2.0585172176361084,1.5660622119903564,0.3312866985797882,0.8530736565589905,0.875102162361145
4.324344158172607,4.324344158172607,2.7100110054016113,2.492021083831787,0.9904664754867554,1.0684361457824707,2.2543416023254395,3.559293746948242,3.759106397628784,4.618288040161133,3.744694709777832,5.342667102813721,3.629164218902588,2.6210360527038574,1.5427463054656982,3.5888671875,3.5888671875,1.9798277616500854,1.9798277616500854,5.922281265258789,5.922281265258789,5.249861240386963,4.953659534454346,1.5660622119903564,1.1367894411087036,2.0324692726135254,2.083768367767334
2.7471351623535156,3.293682813644409,3.293682813644409,1.9523807764053345,2.843611240386963,1.0296956300735474,2.6014747619628906,2.6014747619628906,1.230758786201477,8.263127326965332,8.263127326965332,4.686313152313232,4.686313152313232,10.210907936096191,10.210907936096191,5.4928483963012695,8.847304344177246,5.537070274353027,8.538094520568848,5.922281265258789,5.922281265258789,1.5011825561523438,1.1577755212783813,3.4544732570648193,3.4544732570648193,2.2662899494171143,2.083768367767334
3.5861783027648926,3.5880308151245117,3.5880308151245117,1.5323107242584229,2.843611240386963,6.203441619873047,5.325449466705322,7.138689041137695,7.138689041137695,2.050098419189453,0.12797901034355164,6.093966960906982,6.093966960906982,10.210907936096191,10.210907936096191,5.4928483963012695,8.847304344177246,5.537070274353027,2.943168878555298,3.5110533237457275,3.5110533237457275,6.14312744140625,7.791334629058838,3.7936089038848877,2.214352607727051,2.2662899494171143,1.913757562637329
4.95643424987793,2.4038846492767334,1.579694390296936,1.579694390296936,2.0191473960876465,6.203441619873047,5.325449466705322,5.088449954986572,7.440312385559082,5.705137252807617,6.232788562774658,6.390148639678955,7.071374893188477,5.789580821990967,11.632059097290039,8.62200927734375,7.531367301940918,9.503243446350098,5.031341075897217,11.60430908203125,11.60430908203125,2.822052240371704,9.999761581420898,9.999761581420898,6.367097854614258,3.309926986694336,0.41304251551628113
0.0,0.4961637854576111,2.3467416763305664,2.3467416763305664,0.7927181720733643,0.7930178046226501,0.6445711255073547,5.088449954986572,7.440312385559082,4.979697227478027,3.392812967300415,2.371314764022827,2.34535813331604,2.711995840072632,2.7415828704833984,2.3376123905181885,0.0,3.381596565246582,4.4981865882873535,2.4138402938842773,0.43805503845214844,0.6987972855567932,9.999761581420898,9.999761581420898,2.0466628074645996,2.3592538833618164,0.6184394359588623
3.721330404281616,3.721330404281616,1.664426565170288,3.93961238861084,4.62598991394043,4.62598991394043,5.758892059326172,4.536684989929199,8.38576602935791,8.38576602935791,2.2872469425201416,8.728780746459961,8.728780746459961,3.223733901977539,3.223733901977539,2.4826159477233887,8.363242149353027,8.363242149353027,11.924995422363281,8.840794563293457,6.061132907867432,6.945712566375732,3.6060421466827393,0.5702754259109497,9.465797424316406,9.465797424316406,3.974085569381714
4.7058491706848145,4.7058491706848145,1.752734661102295,4.549169540405273,5.282004356384277,2.4971697330474854,5.758892059326172,4.536684989929199,5.524979591369629,5.524979591369629,4.294780254364014,3.865737199783325,2.510579824447632,11.579930305480957,11.579930305480957,0.7286340594291687,11.83266830444336,13.343949317932129,7.334474563598633,5.401116371154785,5.841554641723633,5.93013334274292,7.088349342346191,6.707574367523193,9.465797424316406,9.465797424316406,3.974085569381714
4.7058491706848145,4.7058491706848145,1.752734661102295,7.453143119812012,8.190491676330566,3.2948668003082275,1.138135552406311,1.3419033288955688,2.0832784175872803,6.297776699066162,9.502867698669434,7.67181396484375,1.9243254661560059,0.3462877571582794,1.2509053945541382,2.1223597526550293,1.1364866495132446,3.7924437522888184,1.6786037683486938,4.730148792266846,4.733004093170166,7.47127103805542,9.74879264831543,6.707574367523193,6.540501117706299,0.8303797841072083,2.132397174835205
2.86898136138916,2.86898136138916,0.83428955078125,0.83428955078125,5.019063472747803,7.0084004402160645,4.169004917144775,8.23515510559082,7.095981597900391,2.0832784175872803,1.8708651065826416,3.5916531085968018,4.949646472930908,5.942940711975098,6.344688892364502,7.75457763671875,5.698467254638672,1.1653646230697632,0.37539905309677124,0.2485644519329071,4.283663749694824,5.104567527770996,0.7513575553894043,0.6997081637382507,9.034525871276855,9.034525871276855,3.7226693630218506
1.4116315841674805,3.3765952587127686,7.95836877822876,7.95836877822876,5.019063472747803,7.0084004402160645,4.169004917144775,8.23515510559082,7.095981597900391,3.8052380084991455,5.357544422149658,6.016274452209473,4.949646472930908,5.942940711975098,6.344688892364502,7.75457763671875,5.698467254638672,2.4266254901885986,7.328763961791992,11.027657508850098,8.23017692565918,4.974130153656006,8.05298137664795,8.05298137664795,9.034525871276855,9.034525871276855,3.7226693630218506
3.5550026893615723,3.5550026893615723,7.95836877822876,7.95836877822876,9.142965316772461,10.623994827270508,6.8157267570495605,6.125916957855225,1.7018433809280396,3.8052380084991455,4.247265338897705,2.5754127502441406,0.6678320169448853,1.3056280612945557,2.58725643157959,2.58725643157959,9.290136337280273,9.290136337280273,7.328763961791992,11.027657508850098,8.23017692565918,9.171695709228516,8.05298137664795,8.05298137664795,5.593590259552002,5.593590259552002,1.5069247484207153
3.5550026893615723,8.988382339477539,8.988382339477539,4.124233245849609,9.142965316772461,10.623994827270508,6.8157267570495605,6.661770343780518,7.031463623046875,2.653507947921753,0.0,6.82542610168457,8.219115257263184,3.5794126987457275,5.289481163024902,5.242804050445557,9.290136337280273,9.290136337280273,6.3650803565979,9.9044189453125,9.9044189453125,3.2554361820220947,4.093318939208984,3.8835561275482178,3.973191738128662,2.702803373336792,0.67115318775177
1.5904122591018677,8.988382339477539,8.988382339477539,10.703829765319824,7.175064563751221,7.185141086578369,5.6596832275390625,6.9818596839904785,10.40379810333252,5.146617412567139,1.3545770645141602,6.82542610168457,8.219115257263184,4.271198749542236,0.1522122621536255,0.14350205659866333,6.89989709854126,8.126108169555664,6.3650803565979,9.9044189453125,9.9044189453125,4.083959102630615,6.147744178771973,7.743057727813721,7.743057727813721,0.0,0.6799508333206177
1.558518409729004,2.272813558578491,5.497838020324707,4.735316753387451,8.683684349060059,10.402195930480957,10.402195930480957,1.0394558906555176,1.0394558906555176,0.0,1.3545770645141602,1.3545770645141602,0.0,2.874083995819092,4.70790958404541,10.534204483032227,10.103307723999023,8.126108169555664,6.654454231262207,12.090309143066406,12.090309143066406,9.870285034179688,8.051839828491211,7.743057727813721,7.743057727813721,2.4260613918304443,2.9959802627563477
4.768896102905273,5.249704360961914,4.693498134613037,10.567057609558105,10.567057609558105,6.604735374450684,8.320785522460938,8.320785522460938,4.692746639251709,8.563570976257324,11.831878662109375,5.686611175537109,5.562885284423828,5.562885284423828,4.70790958404541,10.534204483032227,10.103307723999023,10.547633171081543,5.446728229522705,12.090309143066406,12.090309143066406,5.067432880401611,2.7807915210723877,2.7807915210723877,0.0,2.4260613918304443,2.4260613918304443
3.625241279602051,5.249704360961914,3.887704849243164,2.7868874073028564,5.103646278381348,7.783129692077637,8.320785522460938,8.320785522460938,11.396157264709473,10.808487892150879,6.403368949890137,8.481914520263672,8.481914520263672,5.222031116485596,6.086789131164551,6.086789131164551,6.488224983215332,7.277481555938721,5.7207794189453125,7.120890140533447,7.120890140533447,3.0049784183502197,0.8118448853492737,4.041828632354736,4.041828632354736,1.1422020196914673,1.4522899389266968
3.207399845123291,2.875067949295044,2.875067949295044,3.098925828933716,1.8414489030838013,6.117040634155273,7.760805606842041,7.760805606842041,10.318828582763672,10.318828582763672,8.170209884643555,8.170268058776855,8.170268058776855,7.019752502441406,6.687511444091797,5.616191387176514,6.06434965133667,7.277481555938721,5.7207794189453125,3.842707872390747,1.842527985572815,2.2774229049682617,3.499589443206787,4.776195526123047,4.776195526123047,2.6734397411346436,1.0671124458312988
3.207399845123291,2.875067949295044,2.875067949295044,3.098925828933716,1.742132306098938,0.0,0.0,4.652369022369385,10.318828582763672,10.318828582763672,3.806389808654785,8.170268058776855,8.170268058776855,6.260371685028076,6.687511444091797,5.616191387176514,5.616191387176514,3.7063560485839844,0.0,0.48602503538131714,1.612246036529541,4.586164474487305,4.586164474487305,3.591615676879883,3.226501941680908,2.6506946086883545,0.9521015286445618
1.991599440574646,2.5728745460510254,0.45990073680877686,2.9191858768463135,2.9580814838409424,1.4557099342346191,1.341504454612732,1.843455195426941,7.601747989654541,7.601747989654541,8.362297058105469,8.077167510986328,8.941719055175781,7.465057373046875,8.450193405151367,5.520086288452148,4.831579685211182,5.515555381774902,4.292381763458252,2.567063331604004,2.422941207885742,3.2938005924224854,3.2938005924224854,1.0034987926483154,5.193585395812988,5.193585395812988,1.894060730934143
1.991599440574646,2.5728745460510254,2.816882610321045,2.9191858768463135,2.9580814838409424,2.5021986961364746,1.7950152158737183,2.0356850624084473,7.601747989654541,7.601747989654541,8.362297058105469,8.077167510986328,8.941719055175781,7.465057373046875,8.450193405151367,3.9556498527526855,4.831579685211182,8.277491569519043,7.1170244216918945,1.8028079271316528,1.8028079271316528,0.8134389519691467,2.8345236778259277,2.8345236778259277,5.193585395812988,5.193585395812988,1.9714106321334839
6.16789436340332,6.16789436340332,3.2150988578796387,2.816882610321045,2.4633402824401855,2.5021986961364746,3.1309709548950195,3.6803393363952637,3.971193313598633,3.9360127449035645,1.5516682863235474,3.6450395584106445,3.6450395584106445,3.182565927505493,2.8435025215148926,1.6739919185638428,2.581535577774048,7.078623294830322,7.078623294830322,3.3299129009246826,0.5156024098396301,0.5156024098396301,2.8345236778259277,2.8345236778259277,1.2348705530166626,1.3491591215133667,1.4513018131256104
5.180447101593018,3.1315743923187256,2.172595262527466,0.8838973641395569,0.7931640148162842,0.7931640148162842,2.1094985008239746,3.2413790225982666,3.688547134399414,0.6044908761978149,1.5516682863235474,3.6450395584106445,3.6450395584106445,1.9107943773269653,1.2317336797714233,1.1720383167266846,1.1387276649475098,1.1387276649475098,1.8603564500808716,1.8603564500808716,0.5156024098396301,0.7131431102752686,0.7131431102752686,0.19895699620246887,1.2348705530166626,1.3491591215133667,1.4513018131256104
0.4003670811653137,1.443087100982666,1.4687308073043823,0.9086152911186218,0.35382238030433655,0.26698219776153564,1.2100785970687866,1.7815001010894775,0.3547755181789398,0.48994553089141846,1.6937198638916016,0.8001357316970825,0.8083741664886475,0.6175904870033264,0.8273658156394958,1.025706171989441,0.056607216596603394,0.3699607253074646,0.3699607253074646,0.0,0.743021547794342,0.9734393358230591,0.7872813940048218,0.9684596657752991,1.27143394947052,1.4554632902145386,5.410017013549805
0.7242656350135803,1.443087100982666,1.4687308073043823,0.9086152911186218,0.35382238030433655,0.18036827445030212,0.0,0.5783875584602356,2.689236879348755,1.9870266914367676,0.15673953294754028,0.0,0.05282405763864517,0.0,0.0,0.0,0.09655837714672089,0.056607216596603394,1.5436640977859497,2.057074546813965,2.057074546813965,0.5208196640014648,1.772284746170044,3.413609743118286,4.954021453857422,4.954021453857422,4.996604919433594
1.4729269742965698,1.4729269742965698,0.0,0.10461556911468506,0.10461556911468506,0.0,0.0,0.5498544573783875,2.689236879348755,2.104663848876953,0.0,0.0,0.0,0.0,0.0,0.0,1.4307668209075928,1.8572882413864136,1.8572882413864136,2.057074546813965,3.226438522338867,6.443714141845703,6.683748722076416,6.683748722076416,4.954021453857422,5.338039398193359,3.8061413764953613

Channel 63
4.447362899780273,3.031140089035034,3.4987900257110596,1.0364711284637451,2.6138699054718018,4.902904987335205,4.902904987335205,3.4464540481567383,2.637521266937256,0.9431191682815552,0.9431191682815552,2.1046676635742188,2.8491523265838623,3.0453391075134277,2.0203001499176025,2.5514166355133057,1.2752190828323364,1.8946071863174438,0.882174551486969,4.1531877517700195,0.5553995370864868,1.7105677127838135,2.308138847351074,2.033568859100342,2.033568859100342,2.076319456100464,2.076319456100464
2.0534892082214355,3.093505620956421,3.507972002029419,3.507972002029419,2.9566597938537598,4.902904987335205,4.902904987335205,2.637521266937256,2.637521266937256,0.9431191682815552,1.6288195848464966,2.1046676635742188,0.8893020153045654,3.5609633922576904,0.40632981061935425,2.5514166355133057,1.9470281600952148,1.9470281600952148,0.8217268586158752,0.5553995370864868,0.8032041788101196,1.7105677127838135,1.2169685363769531,3.562391757965088,3.562391757965088,1.042910099029541,1.3959473371505737
1.4545722007751465,2.639303207397461,3.507972002029419,3.507972002029419,1.7018942832946777,0.617985188961029,1.8154065608978271,0.4315793514251709,3.251925230026245,0.6847701072692871,1.6288195848464966,1.6288195848464966,1.0443133115768433,1.6059820652008057,2.5168302059173584,2.5168302059173584,1.6432608366012573,2.777987480163574,2.777987480163574,1.4519344568252563,0.8929669260978699,1.2523442506790161,1.2523442506790161,1.306294560432434,1.2553703784942627,1.2553703784942627,1.3959473371505737
2.4948132038116455,1.9939637184143066,3.1091396808624268,2.243983507156372,0.8293217420578003,0.8293217420578003,1.8154065608978271,1.5491149425506592,3.251925230026245,0.778762936592102,1.402267575263977,2.285151958465576,2.285151958465576,1.6912835836410522,2.5168302059173584,2.5168302059173584,1.9758599996566772,0.830042839050293,0.3608786165714264,0.8929669260978699,0.9423564672470093,0.23454906046390533,1.2496658563613892,1.2399100065231323,1.2553703784942627,1.2553703784942627,1.7555712461471558
2.2959084510803223,1.8084355592727661,1.5669852495193481,1.5669852495193481,0.8184564709663391,1.3804974555969238,1.3804974555969238,0.3956475853919983,1.2011362314224243,1.2011362314224243,1.402267575263977,2.138474941253662,2.138474941253662,1.1810028553009033,1.1810028553009033,0.2940451204776764,1.9758599996566772,1.0561143159866333,0.5801719427108765,0.5801719427108765,0.9423564672470093,0.7984504103660583,0.30987781286239624,1.6698548793792725,1.1594268083572388,2.8295209407806396,2.8295209407806396
3.5846381187438965,1.8084355592727661,2.44512677192688,2.44512677192688,0.7547147870063782,1.3804974555969238,1.3804974555969238,0.35035473108291626,1.8793299198150635,1.2011362314224243,0.9614104628562927,0.9614104628562927,1.1629295349121094,1.1629295349121094,0.7973018288612366,0.7973018288612366,1.0561143159866333,1.0561143159866333,0.5801719427108765,0.5801719427108765,1.1427767276763916,0.450154185295105,1.089792251586914,1.6698548793792725,0.6302434206008911,0.6302434206008911,0.3918691575527191
3.5846381187438965,1.9343342781066895,2.44512677192688,2.44512677192688,0.2939925491809845,0.5597915053367615,0.23814821243286133,0.12626510858535767,1.9238532781600952,1.5267137289047241,0.9614104628562927,0.9614104628562927,1.1629295349121094,1.232423186302185,0.7973018288612366,0.7973018288612366,0.7245934009552002,0.7245934009552002,0.5948557257652283,0.741473913192749,1.1427767276763916,0.2761111557483673,0.6733722686767578,0.6733722686767578,0.714780330657959,2.489400625228882,2.489400625228882
0.9715805649757385,3.0283031463623047,0.3304147720336914,1.5235037803649902,1.721059799194336,1.721059799194336,0.23860636353492737,0.31960800290107727,1.5267137289047241,1.7774568796157837,0.2014845311641693,1.5368306636810303,1.5368306636810303,1.4823474884033203,0.7058812975883484,0.6589069366455078,1.500756025314331,0.36266666650772095,0.5948557257652283,0.911633312702179,0.741473913192749,0.39022591710090637,0.6733722686767578,0.6733722686767578,0.7907758355140686,1.8245996236801147,1.3909924030303955
1.8094826936721802,1.5599104166030884,1.5599104166030884,1.5235037803649902,1.721059799194336,1.721059799194336,0.735935628414154,0.35755208134651184,0.6688815355300903,1.7774568796157837,0.7025107741355896,1.5368306636810303,1.5368306636810303,1.4823474884033203,0.5853298306465149,0.5853298306465149,1.500756025314331,0.9063447117805481,0.9063447117805481,1.2377992868423462,1.2377992868423462,1.3045661449432373,1.3045661449432373,1.0326886177062988,1.8841426372528076,1.8841426372528076,0.6514502763748169
2.252108335494995,2.0055830478668213,0.23099826276302338,0.2787795662879944,1.8969496488571167,1.8969496488571167,0.735935628414154,0.09862762689590454,0.3261618912220001,0.29569482803344727,1.4336012601852417,0.536121666431427,0.5105562210083008,0.4203020930290222,0.5853298306465149,0.5853298306465149,0.34905606508255005,1.4004690647125244,1.4004690647125244,1.2377992868423462,1.2377992868423462,0.7739596366882324,0.5681691765785217,1.0326886177062988,3.0733015537261963,1.8841426372528076,0.6986736059188843
1.9226089715957642,1.1672552824020386,0.23099826276302338,0.630626380443573,1.9158570766448975,2.2850494384765625,2.2850494384765625,1.158463716506958,0.8840911388397217,0.9584209322929382,1.4336012601852417,0.536121666431427,0.598419189453125,0.24081850051879883,1.2261558771133423,0.39918407797813416,0.34905606508255005,0.34905606508255005,0.12914477288722992,0.12914477288722992,1.207014799118042,1.8208913803100586,1.8208913803100586,2.1553282737731934,3.0733015537261963,3.3502421379089355,3.3502421379089355
1.9226089715957642,0.7114527225494385,1.262477159500122,1.262477159500122,1.1660983562469482,2.2850494384765625,2.2850494384765625,0.6522915959358215,0.8840911388397217,0.9878565073013306,0.9878565073013306,0.6207417845726013,0.749502956867218,0.8593718409538269,1.2261558771133423,1.3273807764053345,0.10445898026227951,0.18735376000404358,0.31955909729003906,0.8029895424842834,1.1530790328979492,1.8208913803100586,1.8919506072998047,2.1135401725769043,2.9610249996185303,3.6132924556732178,3.3502421379089355
0.6829431056976318,1.1233667135238647,1.262477159500122,1.262477159500122,1.1660983562469482,1.1098382472991943,0.4032967686653137,0.35745635628700256,0.6253000497817993,0.9878565073013306,0.9878565073013306,1.0155268907546997,0.636547327041626,1.0538322925567627,0.3044051229953766,0.5484297275543213,1.7017360925674438,0.6023145914077759,0.38793185353279114,1.47982656955719,1.47982656955719,1.2668596506118774,2.6006479263305664,2.6826894283294678,2.6826894283294678,3.725609540939331,1.1498879194259644
0.6829431056976318,2.265780210494995,2.144923448562622,1.0290460586547852,1.1098382472991943,1.1098382472991943,2.8209943771362305,2.8209943771362305,1.031445860862732,1.3160947561264038,1.3160947561264038,1.4288456439971924,1.4288456439971924,0.8784969449043274,1.0250922441482544,1.0250922441482544,0.5484297275543213,1.43013596534729,0.8788010478019714,1.1095086336135864,2.163863182067871,1.640560507774353,1.640560507774353,1.0921710729599,3.6254682540893555,4.014061450958252,1.1498879194259644
1.5813977718353271,2.265780210494995,1.5133863687515259,2.75724720954895,2.75724720954895,0.8587878942489624,1.5245989561080933,1.5245989561080933,0.6694296002388,1.3160947561264038,1.3160947561264038,1.4288456439971924,1.4288456439971924,0.5948370695114136,1.0250922441482544,1.0250922441482544,1.2654917240142822,0.6982465982437134,0.9502061605453491,1.1095086336135864,2.163863182067871,1.474850058555603,1.8759300708770752,1.7098217010498047,3.6254682540893555,1.4943307638168335,2.7794108390808105
4.1467671394348145,2.792128801345825,2.792128801345825,2.75724720954895,2.75724720954895,1.0951571464538574,3.2887678146362305,0.5525338649749756,0.5525338649749756,1.1054368019104004,1.218711256980896,1.218711256980896,0.9024320244789124,0.5437259078025818,2.156100034713745,2.61356520652771,1.2935203313827515,1.2342281341552734,1.2342281341552734,0.7086814641952515,2.040126323699951,0.46336013078689575,4.659485816955566,2.420163631439209,2.420163631439209,1.3256149291992188,2.7794108390808105
4.624191761016846,3.429182291030884,3.9216463565826416,3.9216463565826416,1.5488932132720947,1.5488932132720947,3.2887678146362305,0.5525338649749756,0.846626341342926,1.1054368019104004,1.0521384477615356,2.080293655395508,1.6590633392333984,1.2504814863204956,2.156100034713745,2.61356520652771,1.3797798156738281,2.425560712814331,2.425560712814331,1.8818066120147705,2.4473421573638916,2.830827236175537,4.659485816955566,3.2411468029022217,2.420163631439209,0.2533343434333801,0.5712525248527527
4.624191761016846,3.429182291030884,4.942505359649658,3.9216463565826416,2.169956684112549,2.169956684112549,2.329554319381714,2.329554319381714,1.9383864402770996,3.6102406978607178,2.365967273712158,2.2597367763519287,2.2597367763519287,3.091221570968628,3.091221570968628,1.8196196556091309,1.169944405555725,0.9646309018135071,1.596441388130188,1.7908319234848022,4.139685153961182,2.830827236175537,2.830827236175537,0.6287348866462708,0.3171333968639374,0.3171333968639374,0.5712525248527527
3.0872223377227783,3.0872223377227783,3.2199337482452393,1.5270177125930786,3.6840546131134033,3.6840546131134033,2.978280782699585,2.329554319381714,1.2266310453414917,3.6102406978607178,2.365967273712158,2.2597367763519287,2.2597367763519287,3.091221570968628,3.091221570968628,1.2510966062545776,1.169944405555725,2.829146146774292,4.7082953453063965,1.70663583278656,0.6305474638938904,0.38654825091362,0.39458295702934265,0.39458295702934265,0.9278490543365479,0.9278490543365479,1.057938575744629
3.2839040756225586,3.2839040756225586,3.0426883697509766,3.0426883697509766,2.507916212081909,2.978280782699585,2.978280782699585,2.615145206451416,2.615145206451416,2.325667142868042,1.3018659353256226,1.3698270320892334,2.166107177734375,2.166107177734375,1.2510966062545776,1.2510966062545776,2.9291326999664307,2.829146146774292,4.7082953453063965,0.2405831515789032,0.3145151734352112,0.8567513227462769,0.9322636723518372,0.6720514297485352,0.6387275457382202,0.5595230460166931,1.057938575744629
2.169337749481201,1.128069281578064,4.734294414520264,6.760148048400879,6.760148048400879,2.8269615173339844,1.0278016328811646,2.615145206451416,2.615145206451416,1.939717411994934,1.939717411994934,1.8853567838668823,2.166107177734375,2.166107177734375,0.6701904535293579,4.9000067710876465,2.9291326999664307,0.8511770963668823,0.5335507392883301,1.8863633871078491,0.5195654630661011,0.5195654630661011,4.003294467926025,4.003294467926025,0.6730217337608337,0.6730217337608337,2.4337759017944336
0.5430427193641663,3.1203081607818604,4.734294414520264,6.25526762008667,6.25526762008667,0.4960288405418396,2.0407731533050537,2.0407731533050537,3.6083199977874756,3.6083199977874756,1.8357396125793457,1.8357396125793457,2.0424396991729736,2.0424396991729736,1.8458138704299927,1.3400797843933105,1.0391061305999756,1.574177622795105,3.7421436309814453,0.0,0.9001269936561584,0.9001269936561584,0.589368462562561,1.138386607170105,1.4719760417938232,2.573974132537842,6.182239532470703
1.5826181173324585,3.1203081607818604,4.398473739624023,4.398473739624023,1.6963778734207153,0.460946649312973,2.0407731533050537,2.171943187713623,2.8474955558776855,1.2717914581298828,1.0003489255905151,0.8624199628829956,2.0424396991729736,2.0424396991729736,0.8990349769592285,0.4546433091163635,0.5580884218215942,3.228621244430542,3.7421436309814453,1.9539457559585571,1.6458722352981567,0.8910495638847351,0.4810967743396759,1.2188851833343506,2.5835635662078857,2.573974132537842,6.182239532470703
1.3621084690093994,0.8659356236457825,3.173936367034912,0.5513519048690796,0.6160141229629517,0.6160141229629517,0.3339916467666626,0.4701908230781555,1.339111328125,1.2717914581298828,0.5194594264030457,0.6797459125518799,0.6797459125518799,0.714109480381012,0.8990349769592285,1.4702255725860596,1.4729979038238525,2.1047463417053223,3.493269681930542,3.9616904258728027,3.9616904258728027,0.7505519986152649,1.0537879467010498,3.2748377323150635,2.5835635662078857,2.5980453491210938,0.7122042179107666
0.9290527105331421,0.9290527105331421,1.1223260164260864,0.5000777840614319,0.7795791029930115,0.7290782332420349,0.7290782332420349,0.4701908230781555,1.339111328125,0.9329321980476379,0.6738206744194031,0.6738206744194031,0.13031378388404846,3.0857362747192383,3.327552318572998,3.327552318572998,3.1242096424102783,3.1242096424102783,3.493269681930542,0.4473330080509186,1.4873645305633545,1.7169060707092285,1.0537879467010498,3.2748377323150635,1.9894733428955078,2.8397464752197266,2.8397464752197266
0.9290527105331421,0.9290527105331421,0.6765902042388916,0.8156418204307556,0.7473849654197693,0.7473849654197693,0.5431675910949707,0.8403044939041138,0.8403044939041138,5.670230388641357,5.670230388641357,8.011401176452637,3.0769612789154053,3.0857362747192383,3.327552318572998,3.327552318572998,3.1242096424102783,10.962611198425293,10.962611198425293,0.5672307014465332,2.8615405559539795,0.4541027843952179,0.5197488069534302,1.5004584789276123,1.5004584789276123,2.3214340209960938,2.3214340209960938
1.0835072994232178,1.203553318977356,1.203553318977356,0.5644132494926453,0.7473849654197693,0.7473849654197693,0.384029358625412,1.2397663593292236,1.4576700925827026,5.670230388641357,5.670230388641357,8.011401176452637,3.0769612789154053,3.1797289848327637,3.2807769775390625,3.2807769775390625,6.003412246704102,10.962611198425293,10.962611198425293,3.0283498764038086,2.8615405559539795,1.0338834524154663,1.922031283378601,1.922031283378601,0.8866834044456482,2.3214340209960938,2.3214340209960938

